0 0 
1 0 
2 0 
3 0 
4 0 
5 0 
6 0 
7 0 
8 0 
9 0 
10 0 
11 0 
12 1 
13 0 
14 0 
15 1 
16 1 
17 0 
18 1 
19 2 
20 2 
21 0 
22 1 
23 1 
24 14 
25 2 
26 6 
27 2 
28 15 
29 4 
30 7 
31 3 
32 3 
33 2 
34 4 
35 8 
36 2 
37 7 
38 5 
39 6 
40 5 
41 8 
42 5 
43 5 
44 6 
45 6 
46 3 
47 6 
48 4 
49 9 
50 4 
51 11 
52 7 
53 6 
54 13 
55 10 
56 10 
57 11 
58 7 
59 11 
60 15 
61 10 
62 10 
63 16 
64 20 
65 8 
66 15 
67 19 
68 10 
69 20 
70 21 
71 19 
72 21 
73 19 
74 16 
75 20 
76 15 
77 27 
78 40 
79 31 
80 29 
81 30 
82 25 
83 43 
84 38 
85 56 
86 45 
87 46 
88 50 
89 52 
90 63 
91 76 
92 54 
93 81 
94 65 
95 100 
96 83 
97 81 
98 85 
99 101 
100 81 
101 96 
102 118 
103 118 
104 118 
105 147 
106 94 
107 141 
108 107 
109 128 
110 89 
111 136 
112 100 
113 134 
114 86 
115 109 
116 86 
117 114 
118 87 
119 80 
120 48 
121 76 
122 56 
123 55 
124 40 
125 43 
126 43 
127 34 
128 28 
129 27 
130 29 
131 14 
132 11 
133 15 
134 10 
135 9 
136 5 
137 7 
138 7 
139 7 
140 1 
141 4 
142 5 
143 6 
144 3 
145 4 
146 3 
147 4 
148 2 
149 6 
150 1 
151 2 
152 3 
153 0 
154 1 
155 1 
156 2 
157 1 
158 0 
159 3 
160 2 
161 0 
162 0 
163 1 
164 1 
165 0 
166 1 
167 3 
168 0 
169 0 
170 0 
171 2 
172 0 
173 0 
174 1 
175 0 
176 0 
177 0 
178 0 
179 0 
180 0 
181 0 
182 0 
183 0 
184 0 
185 0 
186 0 
187 0 
188 0 
189 2 
190 0 
191 0 
192 0 
193 0 
194 0 
195 0 
196 0 
197 0 
198 0 
199 0 
200 0 
201 1 
202 0 
203 0 
204 0 
205 0 
206 0 
207 0 
208 0 
209 0 
210 0 
211 0 
212 0 
213 0 
214 0 
215 0 
216 0 
217 0 
218 0 
219 0 
220 0 
221 0 
222 0 
223 0 
224 0 
225 0 
226 0 
227 1 
228 0 
229 0 
230 0 
231 0 
232 0 
233 0 
234 0 
235 0 
236 0 
237 0 
238 0 
239 0 
240 0 
241 0 
242 0 
243 0 
244 0 
245 0 
246 0 
247 0 
248 0 
249 0 
250 0 
251 0 
252 0 
253 0 
254 0 
255 0 
