0 162 
1 158 
2 7 
3 185 
4 15 
5 20 
6 23 
7 60 
8 3115 
9 598 
10 221 
11 359 
12 398 
13 477 
14 503 
15 704 
16 3098 
17 905 
18 1083 
19 1192 
20 1316 
21 1453 
22 1569 
23 1703 
24 3304 
25 1919 
26 2042 
27 2089 
28 3011 
29 2320 
30 2514 
31 2618 
32 2768 
33 2903 
34 3061 
35 3095 
36 3254 
37 3356 
38 3598 
39 3902 
40 4029 
41 4250 
42 4363 
43 4789 
44 5032 
45 5219 
46 5728 
47 6159 
48 6743 
49 7141 
50 7787 
51 8240 
52 8973 
53 9701 
54 10583 
55 11458 
56 12264 
57 13418 
58 14932 
59 16055 
60 17501 
61 19268 
62 21232 
63 21807 
64 26265 
65 26950 
66 28815 
67 30761 
68 32749 
69 34881 
70 37120 
71 39105 
72 39918 
73 42141 
74 43538 
75 44975 
76 45702 
77 46898 
78 47882 
79 48734 
80 48896 
81 49059 
82 49400 
83 50014 
84 49038 
85 49626 
86 48855 
87 49012 
88 47399 
89 47450 
90 46068 
91 45405 
92 43188 
93 42825 
94 41189 
95 38646 
96 39716 
97 36563 
98 34235 
99 33269 
100 30588 
101 29291 
102 27225 
103 25985 
104 22796 
105 22217 
106 20155 
107 19154 
108 16544 
109 15859 
110 14400 
111 13440 
112 11932 
113 11141 
114 10072 
115 9210 
116 8214 
117 7658 
118 6809 
119 6573 
120 5650 
121 5219 
122 4569 
123 4527 
124 3808 
125 3567 
126 3162 
127 2618 
128 3014 
129 2516 
130 2187 
131 2034 
132 1763 
133 1655 
134 1577 
135 1362 
136 1272 
137 1158 
138 1085 
139 1007 
140 962 
141 878 
142 691 
143 697 
144 585 
145 644 
146 525 
147 496 
148 395 
149 447 
150 402 
151 382 
152 322 
153 310 
154 291 
155 249 
156 251 
157 216 
158 200 
159 162 
160 202 
161 145 
162 159 
163 132 
164 128 
165 118 
166 109 
167 103 
168 92 
169 90 
170 88 
171 85 
172 79 
173 75 
174 60 
175 49 
176 54 
177 55 
178 49 
179 52 
180 63 
181 57 
182 44 
183 41 
184 27 
185 39 
186 28 
187 37 
188 39 
189 32 
190 35 
191 23 
192 27 
193 26 
194 25 
195 30 
196 20 
197 21 
198 27 
199 26 
200 27 
201 26 
202 30 
203 24 
204 24 
205 23 
206 24 
207 20 
208 20 
209 17 
210 8 
211 20 
212 19 
213 16 
214 14 
215 14 
216 16 
217 11 
218 9 
219 9 
220 14 
221 12 
222 20 
223 11 
224 12 
225 19 
226 12 
227 10 
228 11 
229 12 
230 7 
231 12 
232 10 
233 10 
234 8 
235 11 
236 14 
237 12 
238 9 
239 10 
240 9 
241 10 
242 8 
243 10 
244 6 
245 2 
246 9 
247 9 
248 11 
249 6 
250 7 
251 6 
252 4 
253 5 
254 2 
255 263 
