0 0 
1 0 
2 0 
3 0 
4 0 
5 0 
6 0 
7 0 
8 0 
9 0 
10 0 
11 0 
12 0 
13 0 
14 0 
15 0 
16 0 
17 0 
18 0 
19 0 
20 1 
21 0 
22 0 
23 0 
24 1 
25 0 
26 1 
27 1 
28 0 
29 2 
30 2 
31 1 
32 1 
33 1 
34 1 
35 1 
36 0 
37 0 
38 2 
39 0 
40 1 
41 2 
42 1 
43 0 
44 0 
45 0 
46 0 
47 1 
48 0 
49 1 
50 0 
51 3 
52 2 
53 1 
54 4 
55 2 
56 2 
57 0 
58 1 
59 1 
60 1 
61 3 
62 3 
63 2 
64 2 
65 2 
66 1 
67 3 
68 0 
69 3 
70 3 
71 5 
72 3 
73 2 
74 2 
75 2 
76 1 
77 6 
78 3 
79 2 
80 0 
81 0 
82 1 
83 4 
84 3 
85 3 
86 6 
87 3 
88 4 
89 8 
90 7 
91 3 
92 7 
93 8 
94 3 
95 9 
96 5 
97 6 
98 6 
99 8 
100 10 
101 11 
102 13 
103 7 
104 9 
105 16 
106 5 
107 16 
108 9 
109 17 
110 13 
111 23 
112 16 
113 11 
114 5 
115 14 
116 13 
117 14 
118 14 
119 9 
120 4 
121 4 
122 5 
123 8 
124 7 
125 5 
126 3 
127 3 
128 4 
129 1 
130 1 
131 1 
132 0 
133 0 
134 2 
135 1 
136 2 
137 0 
138 1 
139 1 
140 1 
141 0 
142 1 
143 1 
144 0 
145 0 
146 0 
147 0 
148 0 
149 1 
150 0 
151 1 
152 0 
153 0 
154 0 
155 0 
156 0 
157 0 
158 0 
159 1 
160 1 
161 0 
162 0 
163 0 
164 1 
165 0 
166 0 
167 0 
168 0 
169 0 
170 0 
171 0 
172 0 
173 0 
174 0 
175 0 
176 0 
177 0 
178 0 
179 0 
180 0 
181 0 
182 0 
183 0 
184 0 
185 0 
186 0 
187 0 
188 0 
189 0 
190 0 
191 0 
192 0 
193 0 
194 0 
195 0 
196 0 
197 0 
198 0 
199 0 
200 0 
201 0 
202 0 
203 0 
204 0 
205 0 
206 0 
207 0 
208 0 
209 0 
210 0 
211 0 
212 0 
213 0 
214 0 
215 0 
216 0 
217 0 
218 0 
219 0 
220 0 
221 0 
222 0 
223 0 
224 0 
225 0 
226 0 
227 1 
228 0 
229 0 
230 0 
231 0 
232 0 
233 0 
234 0 
235 0 
236 0 
237 0 
238 0 
239 0 
240 0 
241 0 
242 0 
243 0 
244 0 
245 0 
246 0 
247 0 
248 0 
249 0 
250 0 
251 0 
252 0 
253 0 
254 0 
255 0 
