#     crsv smooth20100
#
    66.500    0.74588
    66.833    0.74695
    67.167    0.74802
    67.500    0.74910
    67.833    0.75017
    68.166    0.75124
    68.500    0.75231
    68.833    0.75336
    69.166    0.75435
    69.500    0.75522
    69.833    0.75592
    70.166    0.75641
    70.500    0.75664
    70.833    0.75655
    71.166    0.75611
    71.499    0.75526
    71.833    0.75397
    72.166    0.75235
    72.499    0.75057
    72.833    0.74876
    73.166    0.74710
    73.499    0.74573
    73.833    0.74482
    74.166    0.74451
    74.499    0.74473
    74.832    0.74524
    75.166    0.74581
    75.499    0.74617
    75.832    0.74608
    76.166    0.74529
    76.499    0.74376
    76.832    0.74160
    77.166    0.73891
    77.499    0.73582
    77.832    0.73245
    78.166    0.72892
    78.499    0.72534
    78.832    0.72184
    79.165    0.71853
    79.499    0.71554
    79.832    0.71295
    80.165    0.71079
    80.499    0.70902
    80.832    0.70761
    81.165    0.70654
    81.499    0.70577
    81.832    0.70527
    82.165    0.70503
    82.498    0.70501
    82.832    0.70517
    83.165    0.70548
    83.498    0.70589
    83.832    0.70635
    84.165    0.70682
    84.498    0.70726
    84.832    0.70761
    85.165    0.70784
    85.498    0.70790
    85.831    0.70776
    86.165    0.70743
    86.498    0.70692
    86.831    0.70626
    87.165    0.70545
    87.498    0.70450
    87.831    0.70343
    88.165    0.70225
    88.498    0.70098
    88.831    0.69963
    89.164    0.69824
    89.498    0.69686
    89.831    0.69553
    90.164    0.69432
    90.498    0.69326
    90.831    0.69241
    91.164    0.69183
    91.498    0.69155
    91.831    0.69160
    92.164    0.69192
    92.497    0.69245
    92.831    0.69313
    93.164    0.69391
    93.497    0.69473
    93.831    0.69553
    94.164    0.69625
    94.497    0.69683
    94.831    0.69724
    95.164    0.69748
    95.497    0.69757
    95.830    0.69750
    96.164    0.69730
    96.497    0.69696
    96.830    0.69651
    97.164    0.69595
    97.497    0.69528
    97.830    0.69453
    98.164    0.69369
    98.497    0.69279
    98.830    0.69182
    99.163    0.69080
    99.497    0.68973
    99.830    0.68863
   100.163    0.68751
   100.497    0.68638
   100.830    0.68524
   101.163    0.68411
   101.497    0.68299
   101.830    0.68190
   102.163    0.68084
   102.496    0.67983
   102.830    0.67887
   103.163    0.67798
   103.496    0.67715
   103.830    0.67641
   104.163    0.67576
   104.496    0.67521
   104.830    0.67475
   105.163    0.67440
   105.496    0.67416
   105.829    0.67404
   106.163    0.67404
   106.496    0.67417
   106.829    0.67443
   107.163    0.67477
   107.496    0.67513
   107.829    0.67545
   108.163    0.67567
   108.496    0.67572
   108.829    0.67555
   109.162    0.67509
   109.496    0.67429
   109.829    0.67319
   110.162    0.67194
   110.496    0.67070
   110.829    0.66964
   111.162    0.66892
   111.496    0.66869
   111.829    0.66913
   112.162    0.67038
   112.495    0.67262
   112.829    0.67590
   113.162    0.68001
   113.495    0.68467
   113.829    0.68958
   114.162    0.69447
   114.495    0.69905
   114.829    0.70305
   115.162    0.70619
   115.495    0.70817
   115.828    0.70885
   116.162    0.70839
   116.495    0.70699
   116.828    0.70486
   117.162    0.70219
   117.495    0.69920
   117.828    0.69608
   118.162    0.69303
   118.495    0.69026
   118.828    0.68786
   119.161    0.68584
   119.495    0.68421
   119.828    0.68300
   120.161    0.68222
   120.495    0.68188
   120.828    0.68200
   121.161    0.68259
   121.495    0.68367
   121.828    0.68524
   122.161    0.68733
   122.494    0.68988
   122.828    0.69282
   123.161    0.69609
   123.494    0.69960
   123.828    0.70328
   124.161    0.70708
   124.494    0.71091
   124.828    0.71474
   125.161    0.71858
   125.494    0.72241
   125.827    0.72624
