#     crsv smooth20002
#
    66.500    1.05884
    66.833    1.05949
    67.167    1.06014
    67.500    1.06080
    67.833    1.06145
    68.166    1.06210
    68.500    1.06275
    68.833    1.06341
    69.166    1.06411
    69.500    1.06485
    69.833    1.06568
    70.166    1.06661
    70.500    1.06765
    70.833    1.06885
    71.166    1.07021
    71.499    1.07176
    71.833    1.07352
    72.166    1.07544
    72.499    1.07745
    72.833    1.07949
    73.166    1.08149
    73.499    1.08339
    73.833    1.08511
    74.166    1.08660
    74.499    1.08784
    74.832    1.08889
    75.166    1.08978
    75.499    1.09056
    75.832    1.09127
    76.166    1.09196
    76.499    1.09264
    76.832    1.09332
    77.166    1.09398
    77.499    1.09462
    77.832    1.09523
    78.166    1.09582
    78.499    1.09637
    78.832    1.09688
    79.165    1.09734
    79.499    1.09775
    79.832    1.09811
    80.165    1.09844
    80.499    1.09875
    80.832    1.09909
    81.165    1.09946
    81.499    1.09991
    81.832    1.10045
    82.165    1.10111
    82.498    1.10192
    82.832    1.10288
    83.165    1.10397
    83.498    1.10514
    83.832    1.10635
    84.165    1.10756
    84.498    1.10873
    84.832    1.10982
    85.165    1.11078
    85.498    1.11158
    85.831    1.11221
    86.165    1.11268
    86.498    1.11303
    86.831    1.11329
    87.165    1.11350
    87.498    1.11369
    87.831    1.11390
    88.165    1.11415
    88.498    1.11448
    88.831    1.11493
    89.164    1.11548
    89.498    1.11611
    89.831    1.11681
    90.164    1.11755
    90.498    1.11831
    90.831    1.11907
    91.164    1.11981
    91.498    1.12050
    91.831    1.12114
    92.164    1.12174
    92.497    1.12231
    92.831    1.12286
    93.164    1.12341
    93.497    1.12398
    93.831    1.12457
    94.164    1.12519
    94.497    1.12588
    94.831    1.12662
    95.164    1.12741
    95.497    1.12824
    95.830    1.12912
    96.164    1.13001
    96.497    1.13093
    96.830    1.13186
    97.164    1.13279
    97.497    1.13372
    97.830    1.13463
    98.164    1.13552
    98.497    1.13638
    98.830    1.13720
    99.163    1.13797
    99.497    1.13869
    99.830    1.13934
   100.163    1.13992
   100.497    1.14042
   100.830    1.14084
   101.163    1.14115
   101.497    1.14136
   101.830    1.14146
   102.163    1.14143
   102.496    1.14128
   102.830    1.14098
   103.163    1.14054
   103.496    1.13995
   103.830    1.13920
   104.163    1.13832
   104.496    1.13735
   104.830    1.13635
   105.163    1.13533
   105.496    1.13436
   105.829    1.13346
   106.163    1.13269
   106.496    1.13207
   106.829    1.13164
   107.163    1.13137
   107.496    1.13123
   107.829    1.13116
   108.163    1.13112
   108.496    1.13106
   108.829    1.13093
   109.162    1.13069
   109.496    1.13030
   109.829    1.12975
   110.162    1.12908
   110.496    1.12834
   110.829    1.12757
   111.162    1.12682
   111.496    1.12614
   111.829    1.12556
   112.162    1.12512
   112.495    1.12489
   112.829    1.12488
   113.162    1.12505
   113.495    1.12537
   113.829    1.12578
   114.162    1.12625
   114.495    1.12672
   114.829    1.12715
   115.162    1.12751
   115.495    1.12773
   115.828    1.12779
   116.162    1.12769
   116.495    1.12743
   116.828    1.12702
   117.162    1.12645
   117.495    1.12573
   117.828    1.12486
   118.162    1.12384
   118.495    1.12268
   118.828    1.12140
   119.161    1.12001
   119.495    1.11853
   119.828    1.11699
   120.161    1.11542
   120.495    1.11383
   120.828    1.11225
   121.161    1.11069
   121.495    1.10919
   121.828    1.10776
   122.161    1.10642
   122.494    1.10518
   122.828    1.10400
   123.161    1.10290
   123.494    1.10183
   123.828    1.10081
   124.161    1.09980
   124.494    1.09880
   124.828    1.09780
   125.161    1.09681
   125.494    1.09581
   125.827    1.09481
