#     crsv smooth20020
#
    66.500    0.98600
    66.833    0.98601
    67.167    0.98603
    67.500    0.98605
    67.833    0.98607
    68.166    0.98609
    68.500    0.98611
    68.833    0.98612
    69.166    0.98613
    69.500    0.98613
    69.833    0.98611
    70.166    0.98608
    70.500    0.98601
    70.833    0.98592
    71.166    0.98579
    71.499    0.98563
    71.833    0.98542
    72.166    0.98516
    72.499    0.98484
    72.833    0.98448
    73.166    0.98404
    73.499    0.98355
    73.833    0.98298
    74.166    0.98233
    74.499    0.98164
    74.832    0.98095
    75.166    0.98030
    75.499    0.97974
    75.832    0.97933
    76.166    0.97911
    76.499    0.97908
    76.832    0.97921
    77.166    0.97946
    77.499    0.97978
    77.832    0.98015
    78.166    0.98053
    78.499    0.98087
    78.832    0.98114
    79.165    0.98130
    79.499    0.98131
    79.832    0.98114
    80.165    0.98082
    80.499    0.98037
    80.832    0.97984
    81.165    0.97926
    81.499    0.97866
    81.832    0.97809
    82.165    0.97757
    82.498    0.97715
    82.832    0.97685
    83.165    0.97665
    83.498    0.97654
    83.832    0.97650
    84.165    0.97651
    84.498    0.97655
    84.832    0.97661
    85.165    0.97667
    85.498    0.97671
    85.831    0.97671
    86.165    0.97669
    86.498    0.97666
    86.831    0.97663
    87.165    0.97659
    87.498    0.97657
    87.831    0.97657
    88.165    0.97660
    88.498    0.97667
    88.831    0.97679
    89.164    0.97695
    89.498    0.97714
    89.831    0.97736
    90.164    0.97759
    90.498    0.97783
    90.831    0.97806
    91.164    0.97827
    91.498    0.97845
    91.831    0.97860
    92.164    0.97873
    92.497    0.97882
    92.831    0.97890
    93.164    0.97895
    93.497    0.97898
    93.831    0.97900
    94.164    0.97900
    94.497    0.97900
    94.831    0.97899
    95.164    0.97897
    95.497    0.97895
    95.830    0.97892
    96.164    0.97888
    96.497    0.97884
    96.830    0.97880
    97.164    0.97875
    97.497    0.97870
    97.830    0.97865
    98.164    0.97859
    98.497    0.97853
    98.830    0.97847
    99.163    0.97840
    99.497    0.97834
    99.830    0.97827
   100.163    0.97821
   100.497    0.97814
   100.830    0.97807
   101.163    0.97801
   101.497    0.97794
   101.830    0.97788
   102.163    0.97782
   102.496    0.97776
   102.830    0.97771
   103.163    0.97765
   103.496    0.97760
   103.830    0.97756
   104.163    0.97751
   104.496    0.97745
   104.830    0.97737
   105.163    0.97727
   105.496    0.97713
   105.829    0.97695
   106.163    0.97672
   106.496    0.97644
   106.829    0.97610
   107.163    0.97571
   107.496    0.97528
   107.829    0.97485
   108.163    0.97442
   108.496    0.97401
   108.829    0.97364
   109.162    0.97334
   109.496    0.97311
   109.829    0.97295
   110.162    0.97286
   110.496    0.97280
   110.829    0.97275
   111.162    0.97271
   111.496    0.97264
   111.829    0.97252
   112.162    0.97234
   112.495    0.97208
   112.829    0.97171
   113.162    0.97128
   113.495    0.97080
   113.829    0.97031
   114.162    0.96984
   114.495    0.96941
   114.829    0.96905
   115.162    0.96881
   115.495    0.96869
   115.828    0.96872
   116.162    0.96889
   116.495    0.96916
   116.828    0.96952
   117.162    0.96993
   117.495    0.97039
   117.828    0.97086
   118.162    0.97132
   118.495    0.97176
   118.828    0.97215
   119.161    0.97252
   119.495    0.97286
   119.828    0.97317
   120.161    0.97347
   120.495    0.97375
   120.828    0.97402
   121.161    0.97429
   121.495    0.97457
   121.828    0.97485
   122.161    0.97514
   122.494    0.97544
   122.828    0.97574
   123.161    0.97606
   123.494    0.97638
   123.828    0.97671
   124.161    0.97703
   124.494    0.97736
   124.828    0.97769
   125.161    0.97802
   125.494    0.97835
   125.827    0.97868
