#     crsv smooth20090
#
   128.500    0.69798
   128.833    0.69827
   129.167    0.69857
   129.500    0.69887
   129.833    0.69916
   130.167    0.69946
   130.500    0.69976
   130.833    0.70005
   131.166    0.70035
   131.500    0.70065
   131.833    0.70094
   132.166    0.70124
   132.500    0.70154
   132.833    0.70183
   133.166    0.70213
   133.500    0.70243
   133.833    0.70273
   134.166    0.70302
   134.499    0.70331
   134.833    0.70360
   135.166    0.70388
   135.499    0.70415
   135.833    0.70440
   136.166    0.70463
   136.499    0.70485
   136.833    0.70504
   137.166    0.70520
   137.499    0.70534
   137.832    0.70545
   138.166    0.70552
   138.499    0.70555
   138.832    0.70554
   139.166    0.70549
   139.499    0.70540
   139.832    0.70525
   140.166    0.70506
   140.499    0.70484
   140.832    0.70460
   141.165    0.70437
   141.499    0.70415
   141.832    0.70396
   142.165    0.70381
   142.499    0.70373
   142.832    0.70372
   143.165    0.70380
   143.499    0.70400
   143.832    0.70431
   144.165    0.70476
   144.498    0.70536
   144.832    0.70609
   145.165    0.70695
   145.498    0.70791
   145.832    0.70897
   146.165    0.71011
   146.498    0.71132
   146.832    0.71258
   147.165    0.71388
   147.498    0.71521
   147.831    0.71655
   148.165    0.71789
   148.498    0.71921
   148.831    0.72050
   149.165    0.72176
   149.498    0.72295
   149.831    0.72407
   150.165    0.72511
   150.498    0.72605
   150.831    0.72688
   151.164    0.72758
   151.498    0.72814
   151.831    0.72855
   152.164    0.72879
   152.498    0.72886
   152.831    0.72881
   153.164    0.72867
   153.498    0.72847
   153.831    0.72824
   154.164    0.72802
   154.497    0.72784
   154.831    0.72773
   155.164    0.72773
   155.497    0.72788
   155.831    0.72820
   156.164    0.72872
   156.497    0.72946
   156.831    0.73036
   157.164    0.73138
   157.497    0.73248
   157.830    0.73359
   158.164    0.73469
   158.497    0.73571
   158.830    0.73662
   159.164    0.73736
   159.497    0.73790
   159.830    0.73817
   160.163    0.73815
   160.497    0.73781
   160.830    0.73722
   161.163    0.73641
   161.497    0.73543
   161.830    0.73433
   162.163    0.73316
   162.497    0.73195
   162.830    0.73077
   163.163    0.72965
   163.496    0.72863
   163.830    0.72778
   164.163    0.72711
   164.496    0.72662
   164.830    0.72626
   165.163    0.72602
   165.496    0.72585
   165.830    0.72573
   166.163    0.72563
   166.496    0.72552
   166.830    0.72536
   167.163    0.72513
   167.496    0.72479
   167.829    0.72431
   168.163    0.72367
   168.496    0.72286
   168.829    0.72189
   169.163    0.72079
   169.496    0.71957
   169.829    0.71826
   170.163    0.71687
   170.496    0.71543
   170.829    0.71394
   171.162    0.71244
   171.496    0.71094
   171.829    0.70946
   172.162    0.70802
   172.496    0.70664
   172.829    0.70531
   173.162    0.70403
   173.496    0.70282
   173.829    0.70167
   174.162    0.70058
   174.495    0.69956
   174.829    0.69861
   175.162    0.69773
   175.495    0.69693
   175.829    0.69620
   176.162    0.69551
   176.495    0.69486
   176.829    0.69421
   177.162    0.69355
   177.495    0.69285
   177.828    0.69208
   178.162    0.69123
   178.495    0.69027
   178.828    0.68919
   179.162    0.68801
   179.495    0.68676
   179.828    0.68549
   180.162    0.68420
   180.495    0.68295
   180.828    0.68176
   181.161    0.68065
   181.495    0.67967
   181.828    0.67884
   182.161    0.67813
   182.495    0.67754
   182.828    0.67704
   183.161    0.67663
   183.495    0.67628
   183.828    0.67597
   184.161    0.67570
   184.494    0.67544
   184.828    0.67518
   185.161    0.67492
   185.494    0.67465
   185.828    0.67439
   186.161    0.67413
