#     crsv smooth20010
#
   128.500    1.03390
   128.833    1.03424
   129.167    1.03459
   129.500    1.03494
   129.833    1.03528
   130.167    1.03563
   130.500    1.03597
   130.833    1.03632
   131.166    1.03666
   131.500    1.03701
   131.833    1.03736
   132.166    1.03770
   132.500    1.03805
   132.833    1.03839
   133.166    1.03874
   133.500    1.03908
   133.833    1.03943
   134.166    1.03977
   134.499    1.04012
   134.833    1.04045
   135.166    1.04078
   135.499    1.04109
   135.833    1.04139
   136.166    1.04167
   136.499    1.04193
   136.833    1.04216
   137.166    1.04237
   137.499    1.04254
   137.832    1.04268
   138.166    1.04279
   138.499    1.04285
   138.832    1.04288
   139.166    1.04285
   139.499    1.04278
   139.832    1.04266
   140.166    1.04248
   140.499    1.04226
   140.832    1.04200
   141.165    1.04171
   141.499    1.04140
   141.832    1.04107
   142.165    1.04073
   142.499    1.04039
   142.832    1.04005
   143.165    1.03972
   143.499    1.03941
   143.832    1.03912
   144.165    1.03887
   144.498    1.03865
   144.832    1.03847
   145.165    1.03832
   145.498    1.03820
   145.832    1.03810
   146.165    1.03802
   146.498    1.03796
   146.832    1.03791
   147.165    1.03787
   147.498    1.03784
   147.831    1.03782
   148.165    1.03779
   148.498    1.03776
   148.831    1.03773
   149.165    1.03769
   149.498    1.03763
   149.831    1.03756
   150.165    1.03747
   150.498    1.03736
   150.831    1.03723
   151.164    1.03706
   151.498    1.03687
   151.831    1.03664
   152.164    1.03638
   152.498    1.03608
   152.831    1.03575
   153.164    1.03541
   153.498    1.03505
   153.831    1.03469
   154.164    1.03433
   154.497    1.03399
   154.831    1.03367
   155.164    1.03337
   155.497    1.03312
   155.831    1.03291
   156.164    1.03275
   156.497    1.03264
   156.831    1.03259
   157.164    1.03258
   157.497    1.03260
   157.830    1.03266
   158.164    1.03275
   158.497    1.03285
   158.830    1.03297
   159.164    1.03309
   159.497    1.03322
   159.830    1.03334
   160.163    1.03345
   160.497    1.03355
   160.830    1.03364
   161.163    1.03372
   161.497    1.03380
   161.830    1.03387
   162.163    1.03393
   162.497    1.03400
   162.830    1.03407
   163.163    1.03414
   163.496    1.03422
   163.830    1.03430
   164.163    1.03440
   164.496    1.03450
   164.830    1.03460
   165.163    1.03471
   165.496    1.03481
   165.830    1.03491
   166.163    1.03501
   166.496    1.03509
   166.830    1.03517
   167.163    1.03523
   167.496    1.03527
   167.829    1.03530
   168.163    1.03530
   168.496    1.03528
   168.829    1.03524
   169.163    1.03519
   169.496    1.03513
   169.829    1.03507
   170.163    1.03500
   170.496    1.03494
   170.829    1.03488
   171.162    1.03484
   171.496    1.03481
   171.829    1.03480
   172.162    1.03481
   172.496    1.03484
   172.829    1.03490
   173.162    1.03497
   173.496    1.03505
   173.829    1.03513
   174.162    1.03521
   174.495    1.03528
   174.829    1.03534
   175.162    1.03538
   175.495    1.03540
   175.829    1.03540
   176.162    1.03537
   176.495    1.03533
   176.829    1.03528
   177.162    1.03523
   177.495    1.03518
   177.828    1.03514
   178.162    1.03511
   178.495    1.03510
   178.828    1.03511
   179.162    1.03515
   179.495    1.03520
   179.828    1.03527
   180.162    1.03534
   180.495    1.03541
   180.828    1.03548
   181.161    1.03555
   181.495    1.03561
   181.828    1.03565
   182.161    1.03568
   182.495    1.03570
   182.828    1.03572
   183.161    1.03572
   183.495    1.03572
   183.828    1.03571
   184.161    1.03571
   184.494    1.03570
   184.828    1.03569
   185.161    1.03568
   185.494    1.03567
   185.828    1.03566
   186.161    1.03565
