#     crsv smooth20004
#
    66.500    1.04075
    66.833    1.04133
    67.167    1.04191
    67.500    1.04249
    67.833    1.04307
    68.166    1.04364
    68.500    1.04422
    68.833    1.04481
    69.166    1.04543
    69.500    1.04609
    69.833    1.04682
    70.166    1.04764
    70.500    1.04857
    70.833    1.04962
    71.166    1.05082
    71.499    1.05219
    71.833    1.05374
    72.166    1.05544
    72.499    1.05726
    72.833    1.05913
    73.166    1.06103
    73.499    1.06291
    73.833    1.06473
    74.166    1.06643
    74.499    1.06800
    74.832    1.06941
    75.166    1.07064
    75.499    1.07167
    75.832    1.07249
    76.166    1.07307
    76.499    1.07343
    76.832    1.07361
    77.166    1.07364
    77.499    1.07357
    77.832    1.07345
    78.166    1.07330
    78.499    1.07318
    78.832    1.07312
    79.165    1.07317
    79.499    1.07336
    79.832    1.07374
    80.165    1.07428
    80.499    1.07497
    80.832    1.07577
    81.165    1.07667
    81.499    1.07763
    81.832    1.07862
    82.165    1.07964
    82.498    1.08063
    82.832    1.08160
    83.165    1.08252
    83.498    1.08339
    83.832    1.08421
    84.165    1.08497
    84.498    1.08567
    84.832    1.08629
    85.165    1.08684
    85.498    1.08731
    85.831    1.08770
    86.165    1.08801
    86.498    1.08826
    86.831    1.08845
    87.165    1.08861
    87.498    1.08873
    87.831    1.08882
    88.165    1.08890
    88.498    1.08898
    88.831    1.08906
    89.164    1.08915
    89.498    1.08925
    89.831    1.08936
    90.164    1.08948
    90.498    1.08960
    90.831    1.08974
    91.164    1.08989
    91.498    1.09005
    91.831    1.09022
    92.164    1.09040
    92.497    1.09061
    92.831    1.09083
    93.164    1.09108
    93.497    1.09136
    93.831    1.09167
    94.164    1.09202
    94.497    1.09240
    94.831    1.09282
    95.164    1.09327
    95.497    1.09376
    95.830    1.09427
    96.164    1.09480
    96.497    1.09534
    96.830    1.09590
    97.164    1.09646
    97.497    1.09702
    97.830    1.09758
    98.164    1.09813
    98.497    1.09867
    98.830    1.09919
    99.163    1.09969
    99.497    1.10016
    99.830    1.10059
   100.163    1.10099
   100.497    1.10135
   100.830    1.10166
   101.163    1.10192
   101.497    1.10213
   101.830    1.10227
   102.163    1.10235
   102.496    1.10236
   102.830    1.10230
   103.163    1.10215
   103.496    1.10192
   103.830    1.10160
   104.163    1.10123
   104.496    1.10082
   104.830    1.10040
   105.163    1.10001
   105.496    1.09968
   105.829    1.09942
   106.163    1.09929
   106.496    1.09929
   106.829    1.09945
   107.163    1.09975
   107.496    1.10014
   107.829    1.10058
   108.163    1.10102
   108.496    1.10141
   108.829    1.10171
   109.162    1.10188
   109.496    1.10187
   109.829    1.10168
   110.162    1.10136
   110.496    1.10094
   110.829    1.10048
   111.162    1.10003
   111.496    1.09963
   111.829    1.09933
   112.162    1.09917
   112.495    1.09921
   112.829    1.09947
   113.162    1.09990
   113.495    1.10046
   113.829    1.10110
   114.162    1.10177
   114.495    1.10240
   114.829    1.10296
   115.162    1.10339
   115.495    1.10363
   115.828    1.10366
   116.162    1.10348
   116.495    1.10312
   116.828    1.10260
   117.162    1.10193
   117.495    1.10113
   117.828    1.10022
   118.162    1.09922
   118.495    1.09814
   118.828    1.09701
   119.161    1.09583
   119.495    1.09461
   119.828    1.09337
   120.161    1.09212
   120.495    1.09087
   120.828    1.08963
   121.161    1.08842
   121.495    1.08724
   121.828    1.08611
   122.161    1.08503
   122.494    1.08401
   122.828    1.08304
   123.161    1.08210
   123.494    1.08120
   123.828    1.08031
   124.161    1.07944
   124.494    1.07857
   124.828    1.07770
   125.161    1.07683
   125.494    1.07596
   125.827    1.07509
