#     crsv smooth20000
#
     6.500    1.20687
     6.833    1.20580
     7.167    1.20473
     7.500    1.20366
     7.833    1.20259
     8.167    1.20152
     8.500    1.20045
     8.833    1.19938
     9.166    1.19831
     9.500    1.19724
     9.833    1.19617
    10.166    1.19511
    10.500    1.19406
    10.833    1.19303
    11.166    1.19204
    11.500    1.19108
    11.833    1.19018
    12.166    1.18933
    12.499    1.18855
    12.833    1.18785
    13.166    1.18723
    13.499    1.18670
    13.833    1.18627
    14.166    1.18595
    14.499    1.18575
    14.833    1.18567
    15.166    1.18572
    15.499    1.18587
    15.832    1.18610
    16.166    1.18641
    16.499    1.18677
    16.832    1.18717
    17.166    1.18759
    17.499    1.18801
    17.832    1.18842
    18.166    1.18881
    18.499    1.18914
    18.832    1.18942
    19.165    1.18961
    19.499    1.18972
    19.832    1.18974
    20.165    1.18967
    20.499    1.18953
    20.832    1.18933
    21.165    1.18906
    21.499    1.18873
    21.832    1.18836
    22.165    1.18794
    22.498    1.18749
    22.832    1.18700
    23.165    1.18649
    23.498    1.18596
    23.832    1.18541
    24.165    1.18485
    24.498    1.18426
    24.832    1.18365
    25.165    1.18301
    25.498    1.18236
    25.831    1.18167
    26.165    1.18097
    26.498    1.18024
    26.831    1.17948
    27.165    1.17869
    27.498    1.17788
    27.831    1.17703
    28.165    1.17614
    28.498    1.17521
    28.831    1.17424
    29.164    1.17321
    29.498    1.17213
    29.831    1.17099
    30.164    1.16979
    30.498    1.16851
    30.831    1.16717
    31.164    1.16575
    31.498    1.16425
    31.831    1.16271
    32.164    1.16114
    32.497    1.15958
    32.831    1.15806
    33.164    1.15662
    33.497    1.15527
    33.831    1.15405
    34.164    1.15298
    34.497    1.15211
    34.831    1.15146
    35.164    1.15105
    35.497    1.15091
    35.830    1.15103
    36.164    1.15136
    36.497    1.15186
    36.830    1.15250
    37.164    1.15323
    37.497    1.15402
    37.830    1.15482
    38.164    1.15560
    38.497    1.15631
    38.830    1.15692
    39.163    1.15738
    39.497    1.15768
    39.830    1.15783
    40.163    1.15785
    40.497    1.15776
    40.830    1.15757
    41.163    1.15732
    41.497    1.15700
    41.830    1.15666
    42.163    1.15630
    42.496    1.15594
    42.830    1.15561
    43.163    1.15532
    43.496    1.15508
    43.830    1.15489
    44.163    1.15473
    44.496    1.15460
    44.830    1.15449
    45.163    1.15438
    45.496    1.15427
    45.829    1.15415
    46.163    1.15400
    46.496    1.15382
    46.829    1.15360
    47.163    1.15333
    47.496    1.15301
    47.829    1.15264
    48.163    1.15223
    48.496    1.15180
    48.829    1.15135
    49.162    1.15089
    49.496    1.15044
    49.829    1.15000
    50.162    1.14959
    50.496    1.14920
    50.829    1.14886
    51.162    1.14857
    51.496    1.14833
    51.829    1.14814
    52.162    1.14800
    52.495    1.14788
    52.829    1.14779
    53.162    1.14772
    53.495    1.14766
    53.829    1.14761
    54.162    1.14755
    54.495    1.14748
    54.829    1.14740
    55.162    1.14729
    55.495    1.14716
    55.828    1.14699
    56.162    1.14678
    56.495    1.14655
    56.828    1.14628
    57.162    1.14600
    57.495    1.14568
    57.828    1.14535
    58.162    1.14500
    58.495    1.14463
    58.828    1.14424
    59.161    1.14385
    59.495    1.14344
    59.828    1.14303
    60.161    1.14261
    60.495    1.14219
    60.828    1.14176
    61.161    1.14134
    61.495    1.14091
    61.828    1.14049
    62.161    1.14007
    62.494    1.13964
    62.828    1.13922
    63.161    1.13879
    63.494    1.13837
    63.828    1.13795
