#     crsv smooth20015
#
   128.500    1.00159
   128.833    1.00161
   129.167    1.00163
   129.500    1.00165
   129.833    1.00167
   130.167    1.00169
   130.500    1.00171
   130.833    1.00173
   131.166    1.00175
   131.500    1.00176
   131.833    1.00178
   132.166    1.00180
   132.500    1.00182
   132.833    1.00184
   133.166    1.00186
   133.500    1.00188
   133.833    1.00190
   134.166    1.00192
   134.499    1.00194
   134.833    1.00196
   135.166    1.00198
   135.499    1.00200
   135.833    1.00201
   136.166    1.00203
   136.499    1.00204
   136.833    1.00206
   137.166    1.00207
   137.499    1.00208
   137.832    1.00209
   138.166    1.00210
   138.499    1.00210
   138.832    1.00210
   139.166    1.00211
   139.499    1.00210
   139.832    1.00210
   140.166    1.00209
   140.499    1.00208
   140.832    1.00207
   141.165    1.00205
   141.499    1.00204
   141.832    1.00202
   142.165    1.00201
   142.499    1.00199
   142.832    1.00197
   143.165    1.00195
   143.499    1.00193
   143.832    1.00191
   144.165    1.00190
   144.498    1.00188
   144.832    1.00187
   145.165    1.00186
   145.498    1.00184
   145.832    1.00183
   146.165    1.00182
   146.498    1.00182
   146.832    1.00181
   147.165    1.00181
   147.498    1.00180
   147.831    1.00180
   148.165    1.00180
   148.498    1.00180
   148.831    1.00180
   149.165    1.00181
   149.498    1.00181
   149.831    1.00181
   150.165    1.00181
   150.498    1.00182
   150.831    1.00182
   151.164    1.00181
   151.498    1.00181
   151.831    1.00180
   152.164    1.00180
   152.498    1.00178
   152.831    1.00177
   153.164    1.00175
   153.498    1.00173
   153.831    1.00172
   154.164    1.00170
   154.497    1.00168
   154.831    1.00166
   155.164    1.00164
   155.497    1.00162
   155.831    1.00161
   156.164    1.00160
   156.497    1.00159
   156.831    1.00158
   157.164    1.00157
   157.497    1.00157
   157.830    1.00157
   158.164    1.00157
   158.497    1.00157
   158.830    1.00158
   159.164    1.00158
   159.497    1.00159
   159.830    1.00160
   160.163    1.00160
   160.497    1.00161
   160.830    1.00162
   161.163    1.00163
   161.497    1.00164
   161.830    1.00165
   162.163    1.00166
   162.497    1.00167
   162.830    1.00168
   163.163    1.00169
   163.496    1.00169
   163.830    1.00170
   164.163    1.00170
   164.496    1.00171
   164.830    1.00171
   165.163    1.00171
   165.496    1.00171
   165.830    1.00171
   166.163    1.00171
   166.496    1.00171
   166.830    1.00171
   167.163    1.00170
   167.496    1.00170
   167.829    1.00170
   168.163    1.00170
   168.496    1.00170
   168.829    1.00170
   169.163    1.00170
   169.496    1.00170
   169.829    1.00170
   170.163    1.00170
   170.496    1.00170
   170.829    1.00170
   171.162    1.00170
   171.496    1.00170
   171.829    1.00170
   172.162    1.00170
   172.496    1.00170
   172.829    1.00170
   173.162    1.00170
   173.496    1.00170
   173.829    1.00170
   174.162    1.00170
   174.495    1.00170
   174.829    1.00170
   175.162    1.00170
   175.495    1.00170
   175.829    1.00170
   176.162    1.00169
   176.495    1.00169
   176.829    1.00169
   177.162    1.00169
   177.495    1.00169
   177.828    1.00169
   178.162    1.00169
   178.495    1.00170
   178.828    1.00171
   179.162    1.00172
   179.495    1.00173
   179.828    1.00174
   180.162    1.00176
   180.495    1.00177
   180.828    1.00178
   181.161    1.00179
   181.495    1.00180
   181.828    1.00181
   182.161    1.00181
   182.495    1.00181
   182.828    1.00181
   183.161    1.00181
   183.495    1.00181
   183.828    1.00181
   184.161    1.00180
   184.494    1.00180
   184.828    1.00180
   185.161    1.00179
   185.494    1.00179
   185.828    1.00178
   186.161    1.00178
