#     crsv smooth20007
#
    66.500    1.02617
    66.833    1.02644
    67.167    1.02671
    67.500    1.02699
    67.833    1.02726
    68.166    1.02753
    68.500    1.02781
    68.833    1.02808
    69.166    1.02839
    69.500    1.02872
    69.833    1.02911
    70.166    1.02957
    70.500    1.03010
    70.833    1.03074
    71.166    1.03149
    71.499    1.03236
    71.833    1.03338
    72.166    1.03452
    72.499    1.03578
    72.833    1.03711
    73.166    1.03852
    73.499    1.03997
    73.833    1.04144
    74.166    1.04292
    74.499    1.04436
    74.832    1.04571
    75.166    1.04692
    75.499    1.04792
    75.832    1.04865
    76.166    1.04908
    76.499    1.04919
    76.832    1.04906
    77.166    1.04873
    77.499    1.04827
    77.832    1.04775
    78.166    1.04721
    78.499    1.04672
    78.832    1.04635
    79.165    1.04615
    79.499    1.04618
    79.832    1.04649
    80.165    1.04705
    80.499    1.04782
    80.832    1.04874
    81.165    1.04976
    81.499    1.05083
    81.832    1.05190
    82.165    1.05291
    82.498    1.05381
    82.832    1.05458
    83.165    1.05521
    83.498    1.05573
    83.832    1.05614
    84.165    1.05648
    84.498    1.05675
    84.832    1.05698
    85.165    1.05717
    85.498    1.05734
    85.831    1.05752
    86.165    1.05768
    86.498    1.05782
    86.831    1.05795
    87.165    1.05804
    87.498    1.05811
    87.831    1.05813
    88.165    1.05811
    88.498    1.05803
    88.831    1.05790
    89.164    1.05772
    89.498    1.05750
    89.831    1.05726
    90.164    1.05701
    90.498    1.05676
    90.831    1.05652
    91.164    1.05632
    91.498    1.05616
    91.831    1.05604
    92.164    1.05598
    92.497    1.05596
    92.831    1.05598
    93.164    1.05603
    93.497    1.05612
    93.831    1.05624
    94.164    1.05638
    94.497    1.05654
    94.831    1.05673
    95.164    1.05693
    95.497    1.05714
    95.830    1.05737
    96.164    1.05761
    96.497    1.05786
    96.830    1.05811
    97.164    1.05837
    97.497    1.05864
    97.830    1.05890
    98.164    1.05916
    98.497    1.05943
    98.830    1.05968
    99.163    1.05993
    99.497    1.06017
    99.830    1.06041
   100.163    1.06062
   100.497    1.06083
   100.830    1.06102
   101.163    1.06119
   101.497    1.06134
   101.830    1.06146
   102.163    1.06157
   102.496    1.06165
   102.830    1.06169
   103.163    1.06171
   103.496    1.06170
   103.830    1.06166
   104.163    1.06160
   104.496    1.06154
   104.830    1.06150
   105.163    1.06150
   105.496    1.06156
   105.829    1.06169
   106.163    1.06191
   106.496    1.06225
   106.829    1.06271
   107.163    1.06327
   107.496    1.06389
   107.829    1.06454
   108.163    1.06518
   108.496    1.06577
   108.829    1.06628
   109.162    1.06666
   109.496    1.06688
   109.829    1.06694
   110.162    1.06689
   110.496    1.06675
   110.829    1.06656
   111.162    1.06638
   111.496    1.06623
   111.829    1.06617
   112.162    1.06622
   112.495    1.06642
   112.829    1.06681
   113.162    1.06734
   113.495    1.06797
   113.829    1.06865
   114.162    1.06933
   114.495    1.06996
   114.829    1.07050
   115.162    1.07091
   115.495    1.07112
   115.828    1.07113
   116.162    1.07093
   116.495    1.07057
   116.828    1.07007
   117.162    1.06945
   117.495    1.06873
   117.828    1.06795
   118.162    1.06713
   118.495    1.06629
   118.828    1.06545
   119.161    1.06461
   119.495    1.06376
   119.828    1.06293
   120.161    1.06210
   120.495    1.06127
   120.828    1.06047
   121.161    1.05967
   121.495    1.05890
   121.828    1.05814
   122.161    1.05741
   122.494    1.05669
   122.828    1.05600
   123.161    1.05532
   123.494    1.05465
   123.828    1.05399
   124.161    1.05333
   124.494    1.05267
   124.828    1.05202
   125.161    1.05136
   125.494    1.05071
   125.827    1.05005
