#     crsv smooth20000
#
   128.500    1.19917
   128.833    1.19848
   129.167    1.19778
   129.500    1.19709
   129.833    1.19639
   130.167    1.19570
   130.500    1.19500
   130.833    1.19430
   131.166    1.19361
   131.500    1.19291
   131.833    1.19222
   132.166    1.19152
   132.500    1.19082
   132.833    1.19013
   133.166    1.18943
   133.500    1.18874
   133.833    1.18804
   134.166    1.18735
   134.499    1.18665
   134.833    1.18596
   135.166    1.18528
   135.499    1.18460
   135.833    1.18393
   136.166    1.18326
   136.499    1.18261
   136.833    1.18198
   137.166    1.18135
   137.499    1.18074
   137.832    1.18015
   138.166    1.17958
   138.499    1.17903
   138.832    1.17850
   139.166    1.17800
   139.499    1.17752
   139.832    1.17706
   140.166    1.17664
   140.499    1.17623
   140.832    1.17584
   141.165    1.17545
   141.499    1.17507
   141.832    1.17469
   142.165    1.17430
   142.499    1.17389
   142.832    1.17346
   143.165    1.17301
   143.499    1.17252
   143.832    1.17200
   144.165    1.17143
   144.498    1.17081
   144.832    1.17015
   145.165    1.16945
   145.498    1.16872
   145.832    1.16795
   146.165    1.16715
   146.498    1.16633
   146.832    1.16548
   147.165    1.16462
   147.498    1.16375
   147.831    1.16286
   148.165    1.16197
   148.498    1.16108
   148.831    1.16019
   149.165    1.15929
   149.498    1.15839
   149.831    1.15748
   150.165    1.15657
   150.498    1.15565
   150.831    1.15473
   151.164    1.15380
   151.498    1.15286
   151.831    1.15192
   152.164    1.15098
   152.498    1.15003
   152.831    1.14908
   153.164    1.14814
   153.498    1.14722
   153.831    1.14632
   154.164    1.14546
   154.497    1.14463
   154.831    1.14385
   155.164    1.14312
   155.497    1.14245
   155.831    1.14184
   156.164    1.14131
   156.497    1.14085
   156.831    1.14047
   157.164    1.14016
   157.497    1.13991
   157.830    1.13973
   158.164    1.13961
   158.497    1.13955
   158.830    1.13954
   159.164    1.13958
   159.497    1.13967
   159.830    1.13981
   160.163    1.13999
   160.497    1.14020
   160.830    1.14046
   161.163    1.14074
   161.497    1.14104
   161.830    1.14137
   162.163    1.14171
   162.497    1.14206
   162.830    1.14242
   163.163    1.14279
   163.496    1.14315
   163.830    1.14351
   164.163    1.14386
   164.496    1.14420
   164.830    1.14453
   165.163    1.14485
   165.496    1.14517
   165.830    1.14548
   166.163    1.14578
   166.496    1.14608
   166.830    1.14638
   167.163    1.14667
   167.496    1.14696
   167.829    1.14725
   168.163    1.14754
   168.496    1.14782
   168.829    1.14810
   169.163    1.14836
   169.496    1.14860
   169.829    1.14882
   170.163    1.14900
   170.496    1.14915
   170.829    1.14925
   171.162    1.14931
   171.496    1.14932
   171.829    1.14926
   172.162    1.14914
   172.496    1.14897
   172.829    1.14875
   173.162    1.14851
   173.496    1.14828
   173.829    1.14806
   174.162    1.14789
   174.495    1.14778
   174.829    1.14775
   175.162    1.14783
   175.495    1.14802
   175.829    1.14835
   176.162    1.14878
   176.495    1.14928
   176.829    1.14981
   177.162    1.15033
   177.495    1.15082
   177.828    1.15124
   178.162    1.15154
   178.495    1.15170
   178.828    1.15169
   179.162    1.15153
   179.495    1.15123
   179.828    1.15082
   180.162    1.15032
   180.495    1.14974
   180.828    1.14912
   181.161    1.14847
   181.495    1.14781
   181.828    1.14716
   182.161    1.14653
   182.495    1.14590
   182.828    1.14528
   183.161    1.14467
   183.495    1.14406
   183.828    1.14346
   184.161    1.14286
   184.494    1.14226
   184.828    1.14166
   185.161    1.14106
   185.494    1.14046
   185.828    1.13986
   186.161    1.13926
