#     crsv smooth20070
#
    66.500    0.83613
    66.833    0.83676
    67.167    0.83740
    67.500    0.83804
    67.833    0.83867
    68.166    0.83931
    68.500    0.83995
    68.833    0.84057
    69.166    0.84115
    69.500    0.84166
    69.833    0.84207
    70.166    0.84234
    70.500    0.84245
    70.833    0.84237
    71.166    0.84206
    71.499    0.84150
    71.833    0.84067
    72.166    0.83960
    72.499    0.83837
    72.833    0.83705
    73.166    0.83570
    73.499    0.83439
    73.833    0.83318
    74.166    0.83215
    74.499    0.83129
    74.832    0.83054
    75.166    0.82986
    75.499    0.82919
    75.832    0.82848
    76.166    0.82766
    76.499    0.82672
    76.832    0.82567
    77.166    0.82451
    77.499    0.82326
    77.832    0.82192
    78.166    0.82051
    78.499    0.81903
    78.832    0.81750
    79.165    0.81592
    79.499    0.81430
    79.832    0.81266
    80.165    0.81102
    80.499    0.80943
    80.832    0.80791
    81.165    0.80652
    81.499    0.80527
    81.832    0.80422
    82.165    0.80340
    82.498    0.80284
    82.832    0.80256
    83.165    0.80252
    83.498    0.80267
    83.832    0.80294
    84.165    0.80329
    84.498    0.80367
    84.832    0.80402
    85.165    0.80429
    85.498    0.80442
    85.831    0.80439
    86.165    0.80421
    86.498    0.80390
    86.831    0.80349
    87.165    0.80300
    87.498    0.80244
    87.831    0.80183
    88.165    0.80121
    88.498    0.80058
    88.831    0.79997
    89.164    0.79940
    89.498    0.79887
    89.831    0.79842
    90.164    0.79804
    90.498    0.79776
    90.831    0.79759
    91.164    0.79755
    91.498    0.79764
    91.831    0.79788
    92.164    0.79823
    92.497    0.79866
    92.831    0.79914
    93.164    0.79965
    93.497    0.80016
    93.831    0.80064
    94.164    0.80105
    94.497    0.80137
    94.831    0.80158
    95.164    0.80169
    95.497    0.80170
    95.830    0.80161
    96.164    0.80144
    96.497    0.80119
    96.830    0.80086
    97.164    0.80047
    97.497    0.80001
    97.830    0.79950
    98.164    0.79894
    98.497    0.79834
    98.830    0.79770
    99.163    0.79703
    99.497    0.79634
    99.830    0.79563
   100.163    0.79490
   100.497    0.79418
   100.830    0.79345
   101.163    0.79273
   101.497    0.79203
   101.830    0.79134
   102.163    0.79068
   102.496    0.79006
   102.830    0.78947
   103.163    0.78892
   103.496    0.78843
   103.830    0.78800
   104.163    0.78761
   104.496    0.78726
   104.830    0.78694
   105.163    0.78664
   105.496    0.78635
   105.829    0.78606
   106.163    0.78576
   106.496    0.78544
   106.829    0.78510
   107.163    0.78472
   107.496    0.78430
   107.829    0.78385
   108.163    0.78335
   108.496    0.78281
   108.829    0.78222
   109.162    0.78157
   109.496    0.78088
   109.829    0.78014
   110.162    0.77940
   110.496    0.77869
   110.829    0.77805
   111.162    0.77751
   111.496    0.77711
   111.829    0.77689
   112.162    0.77689
   112.495    0.77713
   112.829    0.77764
   113.162    0.77837
   113.495    0.77927
   113.829    0.78028
   114.162    0.78135
   114.495    0.78243
   114.829    0.78345
   115.162    0.78437
   115.495    0.78513
   115.828    0.78569
   116.162    0.78607
   116.495    0.78629
   116.828    0.78638
   117.162    0.78634
   117.495    0.78620
   117.828    0.78599
   118.162    0.78572
   118.495    0.78541
   118.828    0.78509
   119.161    0.78481
   119.495    0.78458
   119.828    0.78445
   120.161    0.78446
   120.495    0.78464
   120.828    0.78502
   121.161    0.78564
   121.495    0.78653
   121.828    0.78774
   122.161    0.78928
   122.494    0.79114
   122.828    0.79326
   123.161    0.79560
   123.494    0.79810
   123.828    0.80073
   124.161    0.80343
   124.494    0.80616
   124.828    0.80889
   125.161    0.81161
   125.494    0.81434
   125.827    0.81707
