#     crsv smooth19998
#
    66.500    1.17091
    66.833    1.16875
    67.167    1.16659
    67.500    1.16444
    67.833    1.16228
    68.166    1.16012
    68.500    1.15797
    68.833    1.15583
    69.166    1.15375
    69.500    1.15177
    69.833    1.14994
    70.166    1.14830
    70.500    1.14688
    70.833    1.14574
    71.166    1.14491
    71.499    1.14444
    71.833    1.14434
    72.166    1.14453
    72.499    1.14486
    72.833    1.14518
    73.166    1.14535
    73.499    1.14521
    73.833    1.14464
    74.166    1.14348
    74.499    1.14187
    74.832    1.14013
    75.166    1.13859
    75.499    1.13759
    75.832    1.13746
    76.166    1.13852
    76.499    1.14080
    76.832    1.14404
    77.166    1.14798
    77.499    1.15236
    77.832    1.15689
    78.166    1.16133
    78.499    1.16539
    78.832    1.16883
    79.165    1.17136
    79.499    1.17273
    79.832    1.17273
    80.165    1.17153
    80.499    1.16945
    80.832    1.16680
    81.165    1.16387
    81.499    1.16098
    81.832    1.15844
    82.165    1.15656
    82.498    1.15564
    82.832    1.15587
    83.165    1.15708
    83.498    1.15906
    83.832    1.16159
    84.165    1.16446
    84.498    1.16744
    84.832    1.17033
    85.165    1.17291
    85.498    1.17496
    85.831    1.17637
    86.165    1.17729
    86.498    1.17785
    86.831    1.17820
    87.165    1.17849
    87.498    1.17887
    87.831    1.17949
    88.165    1.18049
    88.498    1.18204
    88.831    1.18424
    89.164    1.18708
    89.498    1.19040
    89.831    1.19408
    90.164    1.19796
    90.498    1.20192
    90.831    1.20582
    91.164    1.20951
    91.498    1.21285
    91.831    1.21579
    92.164    1.21837
    92.497    1.22066
    92.831    1.22272
    93.164    1.22463
    93.497    1.22644
    93.831    1.22823
    94.164    1.23006
    94.497    1.23200
    94.831    1.23407
    95.164    1.23627
    95.497    1.23858
    95.830    1.24096
    96.164    1.24339
    96.497    1.24586
    96.830    1.24833
    97.164    1.25079
    97.497    1.25321
    97.830    1.25556
    98.164    1.25782
    98.497    1.25998
    98.830    1.26199
    99.163    1.26385
    99.497    1.26553
    99.830    1.26700
   100.163    1.26824
   100.497    1.26922
   100.830    1.26993
   101.163    1.27034
   101.497    1.27042
   101.830    1.27016
   102.163    1.26952
   102.496    1.26849
   102.830    1.26704
   103.163    1.26514
   103.496    1.26278
   103.830    1.25994
   104.163    1.25669
   104.496    1.25311
   104.830    1.24927
   105.163    1.24528
   105.496    1.24119
   105.829    1.23711
   106.163    1.23311
   106.496    1.22928
   106.829    1.22568
   107.163    1.22233
   107.496    1.21920
   107.829    1.21626
   108.163    1.21351
   108.496    1.21092
   108.829    1.20847
   109.162    1.20613
   109.496    1.20389
   109.829    1.20174
   110.162    1.19969
   110.496    1.19773
   110.829    1.19588
   111.162    1.19414
   111.496    1.19252
   111.829    1.19102
   112.162    1.18965
   112.495    1.18841
   112.829    1.18730
   113.162    1.18634
   113.495    1.18551
   113.829    1.18482
   114.162    1.18427
   114.495    1.18385
   114.829    1.18357
   115.162    1.18342
   115.495    1.18341
   115.828    1.18351
   116.162    1.18368
   116.495    1.18386
   116.828    1.18397
   117.162    1.18397
   117.495    1.18380
   117.828    1.18338
   118.162    1.18267
   118.495    1.18161
   118.828    1.18021
   119.161    1.17851
   119.495    1.17657
   119.828    1.17445
   120.161    1.17219
   120.495    1.16986
   120.828    1.16751
   121.161    1.16520
   121.495    1.16296
   121.828    1.16087
   122.161    1.15897
   122.494    1.15725
   122.828    1.15569
   123.161    1.15425
   123.494    1.15291
   123.828    1.15164
   124.161    1.15041
   124.494    1.14920
   124.828    1.14798
   125.161    1.14677
   125.494    1.14556
   125.827    1.14434
