#     crsv smooth19998
#
   128.500    1.27064
   128.833    1.26888
   129.167    1.26712
   129.500    1.26535
   129.833    1.26359
   130.167    1.26183
   130.500    1.26007
   130.833    1.25831
   131.166    1.25655
   131.500    1.25478
   131.833    1.25302
   132.166    1.25126
   132.500    1.24950
   132.833    1.24774
   133.166    1.24597
   133.500    1.24421
   133.833    1.24245
   134.166    1.24069
   134.499    1.23894
   134.833    1.23720
   135.166    1.23549
   135.499    1.23382
   135.833    1.23218
   136.166    1.23059
   136.499    1.22906
   136.833    1.22759
   137.166    1.22619
   137.499    1.22487
   137.832    1.22364
   138.166    1.22251
   138.499    1.22148
   138.832    1.22056
   139.166    1.21976
   139.499    1.21909
   139.832    1.21855
   140.166    1.21815
   140.499    1.21786
   140.832    1.21765
   141.165    1.21752
   141.499    1.21744
   141.832    1.21738
   142.165    1.21732
   142.499    1.21725
   142.832    1.21713
   143.165    1.21695
   143.499    1.21669
   143.832    1.21633
   144.165    1.21583
   144.498    1.21520
   144.832    1.21443
   145.165    1.21354
   145.498    1.21255
   145.832    1.21145
   146.165    1.21028
   146.498    1.20903
   146.832    1.20773
   147.165    1.20638
   147.498    1.20500
   147.831    1.20360
   148.165    1.20218
   148.498    1.20077
   148.831    1.19937
   149.165    1.19797
   149.498    1.19659
   149.831    1.19524
   150.165    1.19391
   150.498    1.19260
   150.831    1.19134
   151.164    1.19011
   151.498    1.18893
   151.831    1.18780
   152.164    1.18673
   152.498    1.18571
   152.831    1.18474
   153.164    1.18383
   153.498    1.18296
   153.831    1.18214
   154.164    1.18136
   154.497    1.18062
   154.831    1.17991
   155.164    1.17924
   155.497    1.17859
   155.831    1.17797
   156.164    1.17738
   156.497    1.17681
   156.831    1.17627
   157.164    1.17577
   157.497    1.17531
   157.830    1.17489
   158.164    1.17453
   158.497    1.17423
   158.830    1.17400
   159.164    1.17384
   159.497    1.17376
   159.830    1.17376
   160.163    1.17385
   160.497    1.17404
   160.830    1.17429
   161.163    1.17462
   161.497    1.17499
   161.830    1.17542
   162.163    1.17587
   162.497    1.17634
   162.830    1.17682
   163.163    1.17730
   163.496    1.17777
   163.830    1.17821
   164.163    1.17862
   164.496    1.17900
   164.830    1.17936
   165.163    1.17970
   165.496    1.18003
   165.830    1.18036
   166.163    1.18069
   166.496    1.18104
   166.830    1.18140
   167.163    1.18178
   167.496    1.18220
   167.829    1.18265
   168.163    1.18314
   168.496    1.18367
   168.829    1.18423
   169.163    1.18478
   169.496    1.18533
   169.829    1.18584
   170.163    1.18630
   170.496    1.18670
   170.829    1.18702
   171.162    1.18723
   171.496    1.18733
   171.829    1.18729
   172.162    1.18710
   172.496    1.18677
   172.829    1.18634
   173.162    1.18585
   173.496    1.18534
   173.829    1.18487
   174.162    1.18446
   174.495    1.18417
   174.829    1.18404
   175.162    1.18412
   175.495    1.18444
   175.829    1.18503
   176.162    1.18582
   176.495    1.18676
   176.829    1.18777
   177.162    1.18877
   177.495    1.18971
   177.828    1.19051
   178.162    1.19110
   178.495    1.19140
   178.828    1.19138
   179.162    1.19106
   179.495    1.19049
   179.828    1.18970
   180.162    1.18874
   180.495    1.18766
   180.828    1.18651
   181.161    1.18532
   181.495    1.18414
   181.828    1.18301
   182.161    1.18192
   182.495    1.18087
   182.828    1.17986
   183.161    1.17887
   183.495    1.17790
   183.828    1.17695
   184.161    1.17601
   184.494    1.17507
   184.828    1.17414
   185.161    1.17320
   185.494    1.17226
   185.828    1.17133
   186.161    1.17039
