#     crsv smooth19998
#
     6.500    1.25519
     6.833    1.25375
     7.167    1.25232
     7.500    1.25088
     7.833    1.24944
     8.167    1.24800
     8.500    1.24657
     8.833    1.24513
     9.166    1.24369
     9.500    1.24226
     9.833    1.24082
    10.166    1.23939
    10.500    1.23799
    10.833    1.23661
    11.166    1.23529
    11.500    1.23402
    11.833    1.23283
    12.166    1.23172
    12.499    1.23071
    12.833    1.22981
    13.166    1.22903
    13.499    1.22839
    13.833    1.22790
    14.166    1.22757
    14.499    1.22741
    14.833    1.22744
    15.166    1.22765
    15.499    1.22800
    15.832    1.22849
    16.166    1.22908
    16.499    1.22975
    16.832    1.23047
    17.166    1.23122
    17.499    1.23197
    17.832    1.23270
    18.166    1.23339
    18.499    1.23401
    18.832    1.23453
    19.165    1.23493
    19.499    1.23519
    19.832    1.23533
    20.165    1.23534
    20.499    1.23525
    20.832    1.23506
    21.165    1.23479
    21.499    1.23444
    21.832    1.23403
    22.165    1.23357
    22.498    1.23307
    22.832    1.23254
    23.165    1.23199
    23.498    1.23144
    23.832    1.23087
    24.165    1.23029
    24.498    1.22969
    24.832    1.22907
    25.165    1.22841
    25.498    1.22772
    25.831    1.22699
    26.165    1.22621
    26.498    1.22538
    26.831    1.22449
    27.165    1.22355
    27.498    1.22254
    27.831    1.22146
    28.165    1.22032
    28.498    1.21911
    28.831    1.21783
    29.164    1.21647
    29.498    1.21504
    29.831    1.21354
    30.164    1.21196
    30.498    1.21030
    30.831    1.20856
    31.164    1.20673
    31.498    1.20484
    31.831    1.20289
    32.164    1.20093
    32.497    1.19899
    32.831    1.19711
    33.164    1.19531
    33.497    1.19363
    33.831    1.19211
    34.164    1.19078
    34.497    1.18968
    34.831    1.18883
    35.164    1.18827
    35.497    1.18804
    35.830    1.18810
    36.164    1.18841
    36.497    1.18893
    36.830    1.18962
    37.164    1.19042
    37.497    1.19131
    37.830    1.19222
    38.164    1.19312
    38.497    1.19397
    38.830    1.19471
    39.163    1.19531
    39.497    1.19574
    39.830    1.19601
    40.163    1.19615
    40.497    1.19617
    40.830    1.19609
    41.163    1.19594
    41.497    1.19573
    41.830    1.19549
    42.163    1.19523
    42.496    1.19497
    42.830    1.19474
    43.163    1.19455
    43.496    1.19441
    43.830    1.19432
    44.163    1.19425
    44.496    1.19420
    44.830    1.19415
    45.163    1.19410
    45.496    1.19402
    45.829    1.19392
    46.163    1.19376
    46.496    1.19355
    46.829    1.19327
    47.163    1.19291
    47.496    1.19246
    47.829    1.19194
    48.163    1.19136
    48.496    1.19074
    48.829    1.19010
    49.162    1.18945
    49.496    1.18882
    49.829    1.18820
    50.162    1.18764
    50.496    1.18713
    50.829    1.18669
    51.162    1.18635
    51.496    1.18610
    51.829    1.18593
    52.162    1.18582
    52.495    1.18577
    52.829    1.18575
    53.162    1.18576
    53.495    1.18577
    53.829    1.18578
    54.162    1.18576
    54.495    1.18572
    54.829    1.18562
    55.162    1.18546
    55.495    1.18522
    55.828    1.18490
    56.162    1.18450
    56.495    1.18402
    56.828    1.18348
    57.162    1.18287
    57.495    1.18220
    57.828    1.18148
    58.162    1.18072
    58.495    1.17991
    58.828    1.17907
    59.161    1.17820
    59.495    1.17730
    59.828    1.17638
    60.161    1.17545
    60.495    1.17451
    60.828    1.17357
    61.161    1.17263
    61.495    1.17169
    61.828    1.17075
    62.161    1.16981
    62.494    1.16887
    62.828    1.16792
    63.161    1.16698
    63.494    1.16604
    63.828    1.16510
