#     crsv smooth20025
#
    66.500    0.97114
    66.833    0.97120
    67.167    0.97127
    67.500    0.97133
    67.833    0.97140
    68.166    0.97146
    68.500    0.97152
    68.833    0.97159
    69.166    0.97164
    69.500    0.97167
    69.833    0.97168
    70.166    0.97165
    70.500    0.97158
    70.833    0.97146
    71.166    0.97128
    71.499    0.97104
    71.833    0.97073
    72.166    0.97033
    72.499    0.96984
    72.833    0.96925
    73.166    0.96855
    73.499    0.96772
    73.833    0.96677
    74.166    0.96568
    74.499    0.96449
    74.832    0.96328
    75.166    0.96215
    75.499    0.96118
    75.832    0.96044
    76.166    0.96003
    76.499    0.95995
    76.832    0.96013
    77.166    0.96052
    77.499    0.96104
    77.832    0.96164
    78.166    0.96224
    78.499    0.96278
    78.832    0.96321
    79.165    0.96344
    79.499    0.96342
    79.832    0.96310
    80.165    0.96251
    80.499    0.96171
    80.832    0.96077
    81.165    0.95975
    81.499    0.95871
    81.832    0.95771
    82.165    0.95683
    82.498    0.95612
    82.832    0.95561
    83.165    0.95530
    83.498    0.95515
    83.832    0.95511
    84.165    0.95517
    84.498    0.95528
    84.832    0.95541
    85.165    0.95553
    85.498    0.95561
    85.831    0.95563
    86.165    0.95560
    86.498    0.95554
    86.831    0.95547
    87.165    0.95539
    87.498    0.95534
    87.831    0.95532
    88.165    0.95535
    88.498    0.95546
    88.831    0.95564
    89.164    0.95590
    89.498    0.95623
    89.831    0.95660
    90.164    0.95699
    90.498    0.95740
    90.831    0.95779
    91.164    0.95816
    91.498    0.95849
    91.831    0.95877
    92.164    0.95900
    92.497    0.95919
    92.831    0.95933
    93.164    0.95944
    93.497    0.95952
    93.831    0.95957
    94.164    0.95959
    94.497    0.95960
    94.831    0.95959
    95.164    0.95957
    95.497    0.95953
    95.830    0.95948
    96.164    0.95942
    96.497    0.95934
    96.830    0.95926
    97.164    0.95916
    97.497    0.95906
    97.830    0.95895
    98.164    0.95883
    98.497    0.95871
    98.830    0.95858
    99.163    0.95845
    99.497    0.95832
    99.830    0.95818
   100.163    0.95804
   100.497    0.95791
   100.830    0.95777
   101.163    0.95763
   101.497    0.95750
   101.830    0.95737
   102.163    0.95725
   102.496    0.95713
   102.830    0.95701
   103.163    0.95691
   103.496    0.95681
   103.830    0.95672
   104.163    0.95662
   104.496    0.95651
   104.830    0.95637
   105.163    0.95619
   105.496    0.95595
   105.829    0.95564
   106.163    0.95525
   106.496    0.95477
   106.829    0.95418
   107.163    0.95351
   107.496    0.95279
   107.829    0.95205
   108.163    0.95131
   108.496    0.95061
   108.829    0.94997
   109.162    0.94944
   109.496    0.94903
   109.829    0.94875
   110.162    0.94856
   110.496    0.94843
   110.829    0.94832
   111.162    0.94819
   111.496    0.94802
   111.829    0.94776
   112.162    0.94738
   112.495    0.94685
   112.829    0.94614
   113.162    0.94531
   113.495    0.94440
   113.829    0.94347
   114.162    0.94258
   114.495    0.94178
   114.829    0.94113
   115.162    0.94068
   115.495    0.94049
   115.828    0.94058
   116.162    0.94092
   116.495    0.94146
   116.828    0.94215
   117.162    0.94296
   117.495    0.94383
   117.828    0.94472
   118.162    0.94558
   118.495    0.94637
   118.828    0.94707
   119.161    0.94770
   119.495    0.94827
   119.828    0.94879
   120.161    0.94928
   120.495    0.94974
   120.828    0.95019
   121.161    0.95064
   121.495    0.95111
   121.828    0.95160
   122.161    0.95213
   122.494    0.95270
   122.828    0.95329
   123.161    0.95391
   123.494    0.95455
   123.828    0.95520
   124.161    0.95587
   124.494    0.95653
   124.828    0.95720
   125.161    0.95786
   125.494    0.95853
   125.827    0.95919
