#     crsv smooth20120
#
    66.500    0.68574
    66.833    0.68711
    67.167    0.68847
    67.500    0.68984
    67.833    0.69120
    68.166    0.69256
    68.500    0.69393
    68.833    0.69526
    69.166    0.69652
    69.500    0.69762
    69.833    0.69852
    70.166    0.69916
    70.500    0.69946
    70.833    0.69938
    71.166    0.69884
    71.499    0.69779
    71.833    0.69620
    72.166    0.69422
    72.499    0.69205
    72.833    0.68993
    73.166    0.68805
    73.499    0.68665
    73.833    0.68594
    74.166    0.68611
    74.499    0.68707
    74.832    0.68843
    75.166    0.68983
    75.499    0.69088
    75.832    0.69121
    76.166    0.69045
    76.499    0.68851
    76.832    0.68558
    77.166    0.68186
    77.499    0.67752
    77.832    0.67278
    78.166    0.66782
    78.499    0.66283
    78.832    0.65800
    79.165    0.65354
    79.499    0.64963
    79.832    0.64643
    80.165    0.64394
    80.499    0.64208
    80.832    0.64077
    81.165    0.63994
    81.499    0.63952
    81.832    0.63943
    82.165    0.63960
    82.498    0.63996
    82.832    0.64043
    83.165    0.64098
    83.498    0.64156
    83.832    0.64214
    84.165    0.64269
    84.498    0.64315
    84.832    0.64350
    85.165    0.64368
    85.498    0.64368
    85.831    0.64345
    86.165    0.64301
    86.498    0.64237
    86.831    0.64152
    87.165    0.64049
    87.498    0.63927
    87.831    0.63789
    88.165    0.63633
    88.498    0.63462
    88.831    0.63276
    89.164    0.63081
    89.498    0.62885
    89.831    0.62693
    90.164    0.62515
    90.498    0.62357
    90.831    0.62227
    91.164    0.62132
    91.498    0.62079
    91.831    0.62072
    92.164    0.62102
    92.497    0.62162
    92.831    0.62245
    93.164    0.62342
    93.497    0.62445
    93.831    0.62547
    94.164    0.62641
    94.497    0.62717
    94.831    0.62772
    95.164    0.62805
    95.497    0.62819
    95.830    0.62813
    96.164    0.62790
    96.497    0.62751
    96.830    0.62697
    97.164    0.62628
    97.497    0.62547
    97.830    0.62455
    98.164    0.62352
    98.497    0.62240
    98.830    0.62120
    99.163    0.61993
    99.497    0.61861
    99.830    0.61725
   100.163    0.61585
   100.497    0.61444
   100.830    0.61302
   101.163    0.61160
   101.497    0.61021
   101.830    0.60884
   102.163    0.60751
   102.496    0.60624
   102.830    0.60504
   103.163    0.60391
   103.496    0.60287
   103.830    0.60193
   104.163    0.60112
   104.496    0.60043
   104.830    0.59990
   105.163    0.59953
   105.496    0.59934
   105.829    0.59935
   106.163    0.59957
   106.496    0.60002
   106.829    0.60071
   107.163    0.60155
   107.496    0.60245
   107.829    0.60330
   108.163    0.60401
   108.496    0.60446
   108.829    0.60457
   109.162    0.60422
   109.496    0.60332
   109.829    0.60193
   110.162    0.60030
   110.496    0.59867
   110.829    0.59730
   111.162    0.59643
   111.496    0.59632
   111.829    0.59723
   112.162    0.59939
   112.495    0.60305
   112.829    0.60834
   113.162    0.61488
   113.495    0.62224
   113.829    0.62995
   114.162    0.63759
   114.495    0.64469
   114.829    0.65082
   115.162    0.65553
   115.495    0.65836
   115.828    0.65910
   116.162    0.65799
   116.495    0.65539
   116.828    0.65162
   117.162    0.64703
   117.495    0.64195
   117.828    0.63672
   118.162    0.63167
   118.495    0.62713
   118.828    0.62323
   119.161    0.61999
   119.495    0.61739
   119.828    0.61544
   120.161    0.61413
   120.495    0.61345
   120.828    0.61341
   121.161    0.61401
   121.495    0.61523
   121.828    0.61708
   122.161    0.61955
   122.494    0.62257
   122.828    0.62606
   123.161    0.62994
   123.494    0.63411
   123.828    0.63850
   124.161    0.64301
   124.494    0.64757
   124.828    0.65213
   125.161    0.65670
   125.494    0.66126
   125.827    0.66582
