#     crsv smooth20050
#
    66.500    0.89640
    66.833    0.89674
    67.167    0.89708
    67.500    0.89741
    67.833    0.89775
    68.166    0.89809
    68.500    0.89843
    68.833    0.89876
    69.166    0.89907
    69.500    0.89933
    69.833    0.89953
    70.166    0.89965
    70.500    0.89967
    70.833    0.89958
    71.166    0.89935
    71.499    0.89897
    71.833    0.89842
    72.166    0.89771
    72.499    0.89684
    72.833    0.89584
    73.166    0.89471
    73.499    0.89347
    73.833    0.89213
    74.166    0.89069
    74.499    0.88921
    74.832    0.88774
    75.166    0.88635
    75.499    0.88509
    75.832    0.88402
    76.166    0.88321
    76.499    0.88266
    76.832    0.88232
    77.166    0.88211
    77.499    0.88200
    77.832    0.88193
    78.166    0.88183
    78.499    0.88166
    78.832    0.88135
    79.165    0.88085
    79.499    0.88011
    79.832    0.87908
    80.165    0.87781
    80.499    0.87637
    80.832    0.87483
    81.165    0.87328
    81.499    0.87179
    81.832    0.87043
    82.165    0.86927
    82.498    0.86840
    82.832    0.86785
    83.165    0.86759
    83.498    0.86755
    83.832    0.86769
    84.165    0.86795
    84.498    0.86826
    84.832    0.86859
    85.165    0.86886
    85.498    0.86903
    85.831    0.86907
    86.165    0.86899
    86.498    0.86882
    86.831    0.86858
    87.165    0.86830
    87.498    0.86800
    87.831    0.86771
    88.165    0.86745
    88.498    0.86725
    88.831    0.86712
    89.164    0.86707
    89.498    0.86710
    89.831    0.86719
    90.164    0.86734
    90.498    0.86754
    90.831    0.86779
    91.164    0.86808
    91.498    0.86840
    91.831    0.86874
    92.164    0.86909
    92.497    0.86944
    92.831    0.86979
    93.164    0.87011
    93.497    0.87041
    93.831    0.87067
    94.164    0.87088
    94.497    0.87103
    94.831    0.87112
    95.164    0.87114
    95.497    0.87110
    95.830    0.87101
    96.164    0.87087
    96.497    0.87068
    96.830    0.87045
    97.164    0.87018
    97.497    0.86987
    97.830    0.86953
    98.164    0.86917
    98.497    0.86878
    98.830    0.86837
    99.163    0.86794
    99.497    0.86750
    99.830    0.86705
   100.163    0.86660
   100.497    0.86614
   100.830    0.86569
   101.163    0.86524
   101.497    0.86481
   101.830    0.86438
   102.163    0.86398
   102.496    0.86360
   102.830    0.86324
   103.163    0.86291
   103.496    0.86262
   103.830    0.86236
   104.163    0.86212
   104.496    0.86189
   104.830    0.86164
   105.163    0.86136
   105.496    0.86103
   105.829    0.86064
   106.163    0.86016
   106.496    0.85958
   106.829    0.85889
   107.163    0.85811
   107.496    0.85726
   107.829    0.85637
   108.163    0.85546
   108.496    0.85458
   108.829    0.85374
   109.162    0.85298
   109.496    0.85231
   109.829    0.85175
   110.162    0.85127
   110.496    0.85084
   110.829    0.85043
   111.162    0.85003
   111.496    0.84959
   111.829    0.84910
   112.162    0.84852
   112.495    0.84784
   112.829    0.84704
   113.162    0.84616
   113.495    0.84526
   113.829    0.84439
   114.162    0.84360
   114.495    0.84295
   114.829    0.84248
   115.162    0.84226
   115.495    0.84234
   115.828    0.84273
   116.162    0.84339
   116.495    0.84426
   116.828    0.84528
   117.162    0.84639
   117.495    0.84752
   117.828    0.84863
   118.162    0.84964
   118.495    0.85050
   118.828    0.85122
   119.161    0.85182
   119.495    0.85233
   119.828    0.85281
   120.161    0.85328
   120.495    0.85378
   120.828    0.85434
   121.161    0.85501
   121.495    0.85581
   121.828    0.85679
   122.161    0.85798
   122.494    0.85936
   122.828    0.86091
   123.161    0.86259
   123.494    0.86437
   123.828    0.86623
   124.161    0.86814
   124.494    0.87006
   124.828    0.87198
   125.161    0.87390
   125.494    0.87582
   125.827    0.87774
