#     crsv smooth20000
#
    66.500    1.09452
    66.833    1.09466
    67.167    1.09480
    67.500    1.09494
    67.833    1.09508
    68.166    1.09521
    68.500    1.09535
    68.833    1.09550
    69.166    1.09569
    69.500    1.09595
    69.833    1.09630
    70.166    1.09677
    70.500    1.09738
    70.833    1.09818
    71.166    1.09918
    71.499    1.10040
    71.833    1.10188
    72.166    1.10353
    72.499    1.10527
    72.833    1.10698
    73.166    1.10859
    73.499    1.10997
    73.833    1.11105
    74.166    1.11172
    74.499    1.11203
    74.832    1.11213
    75.166    1.11218
    75.499    1.11234
    75.832    1.11276
    76.166    1.11359
    76.499    1.11487
    76.832    1.11648
    77.166    1.11835
    77.499    1.12035
    77.832    1.12240
    78.166    1.12440
    78.499    1.12624
    78.832    1.12783
    79.165    1.12906
    79.499    1.12984
    79.832    1.13009
    80.165    1.12989
    80.499    1.12937
    80.832    1.12865
    81.165    1.12787
    81.499    1.12715
    81.832    1.12662
    82.165    1.12642
    82.498    1.12666
    82.832    1.12743
    83.165    1.12865
    83.498    1.13019
    83.832    1.13196
    84.165    1.13386
    84.498    1.13576
    84.832    1.13758
    85.165    1.13919
    85.498    1.14049
    85.831    1.14144
    86.165    1.14210
    86.498    1.14255
    86.831    1.14285
    87.165    1.14310
    87.498    1.14336
    87.831    1.14372
    88.165    1.14425
    88.498    1.14502
    88.831    1.14611
    89.164    1.14750
    89.498    1.14912
    89.831    1.15092
    90.164    1.15282
    90.498    1.15476
    90.831    1.15668
    91.164    1.15850
    91.498    1.16018
    91.831    1.16167
    92.164    1.16300
    92.497    1.16421
    92.831    1.16533
    93.164    1.16638
    93.497    1.16742
    93.831    1.16846
    94.164    1.16954
    94.497    1.17070
    94.831    1.17194
    95.164    1.17327
    95.497    1.17466
    95.830    1.17611
    96.164    1.17759
    96.497    1.17910
    96.830    1.18062
    97.164    1.18214
    97.497    1.18363
    97.830    1.18510
    98.164    1.18652
    98.497    1.18788
    98.830    1.18916
    99.163    1.19036
    99.497    1.19145
    99.830    1.19243
   100.163    1.19328
   100.497    1.19398
   100.830    1.19453
   101.163    1.19490
   101.497    1.19509
   101.830    1.19507
   102.163    1.19484
   102.496    1.19438
   102.830    1.19368
   103.163    1.19272
   103.496    1.19150
   103.830    1.18999
   104.163    1.18825
   104.496    1.18634
   104.830    1.18431
   105.163    1.18221
   105.496    1.18010
   105.829    1.17805
   106.163    1.17610
   106.496    1.17432
   106.829    1.17274
   107.163    1.17136
   107.496    1.17013
   107.829    1.16902
   108.163    1.16799
   108.496    1.16700
   108.829    1.16601
   109.162    1.16499
   109.496    1.16389
   109.829    1.16271
   110.162    1.16149
   110.496    1.16026
   110.829    1.15904
   111.162    1.15787
   111.496    1.15678
   111.829    1.15582
   112.162    1.15500
   112.495    1.15436
   112.829    1.15392
   113.162    1.15366
   113.495    1.15355
   113.829    1.15356
   114.162    1.15365
   114.495    1.15381
   114.829    1.15399
   115.162    1.15417
   115.495    1.15432
   115.828    1.15441
   116.162    1.15442
   116.495    1.15433
   116.828    1.15410
   117.162    1.15374
   117.495    1.15320
   117.828    1.15247
   118.162    1.15153
   118.495    1.15036
   118.828    1.14897
   119.161    1.14740
   119.495    1.14568
   119.828    1.14385
   120.161    1.14194
   120.495    1.13999
   120.828    1.13804
   121.161    1.13612
   121.495    1.13426
   121.828    1.13251
   122.161    1.13090
   122.494    1.12942
   122.828    1.12805
   123.161    1.12677
   123.494    1.12555
   123.828    1.12439
   124.161    1.12326
   124.494    1.12214
   124.828    1.12102
   125.161    1.11990
   125.494    1.11878
   125.827    1.11766
