#     crsv smooth20080
#
    66.500    0.80623
    66.833    0.80699
    67.167    0.80775
    67.500    0.80851
    67.833    0.80927
    68.166    0.81003
    68.500    0.81079
    68.833    0.81154
    69.166    0.81223
    69.500    0.81284
    69.833    0.81333
    70.166    0.81367
    70.500    0.81381
    70.833    0.81372
    71.166    0.81337
    71.499    0.81272
    71.833    0.81175
    72.166    0.81052
    72.499    0.80912
    72.833    0.80766
    73.166    0.80622
    73.499    0.80490
    73.833    0.80380
    74.166    0.80300
    74.499    0.80248
    74.832    0.80213
    75.166    0.80184
    75.499    0.80149
    75.832    0.80095
    76.166    0.80013
    76.499    0.79898
    76.832    0.79755
    77.166    0.79589
    77.499    0.79403
    77.832    0.79202
    78.166    0.78991
    78.499    0.78774
    78.832    0.78556
    79.165    0.78342
    79.499    0.78134
    79.832    0.77939
    80.165    0.77758
    80.499    0.77592
    80.832    0.77444
    81.165    0.77314
    81.499    0.77205
    81.832    0.77118
    82.165    0.77055
    82.498    0.77016
    82.832    0.77003
    83.165    0.77011
    83.498    0.77035
    83.832    0.77069
    84.165    0.77109
    84.498    0.77149
    84.832    0.77184
    85.165    0.77210
    85.498    0.77221
    85.831    0.77214
    86.165    0.77192
    86.498    0.77154
    86.831    0.77105
    87.165    0.77044
    87.498    0.76975
    87.831    0.76899
    88.165    0.76818
    88.498    0.76734
    88.831    0.76649
    89.164    0.76566
    89.498    0.76486
    89.831    0.76412
    90.164    0.76348
    90.498    0.76295
    90.831    0.76256
    91.164    0.76234
    91.498    0.76231
    91.831    0.76248
    92.164    0.76282
    92.497    0.76328
    92.831    0.76382
    93.164    0.76441
    93.497    0.76501
    93.831    0.76558
    94.164    0.76609
    94.497    0.76649
    94.831    0.76676
    95.164    0.76691
    95.497    0.76693
    95.830    0.76685
    96.164    0.76667
    96.497    0.76639
    96.830    0.76602
    97.164    0.76557
    97.497    0.76505
    97.830    0.76446
    98.164    0.76381
    98.497    0.76311
    98.830    0.76237
    99.163    0.76158
    99.497    0.76077
    99.830    0.75994
   100.163    0.75909
   100.497    0.75823
   100.830    0.75737
   101.163    0.75652
   101.497    0.75568
   101.830    0.75486
   102.163    0.75407
   102.496    0.75332
   102.830    0.75260
   103.163    0.75194
   103.496    0.75134
   103.830    0.75080
   104.163    0.75032
   104.496    0.74990
   104.830    0.74953
   105.163    0.74921
   105.496    0.74893
   105.829    0.74869
   106.163    0.74849
   106.496    0.74832
   106.829    0.74817
   107.163    0.74804
   107.496    0.74788
   107.829    0.74769
   108.163    0.74743
   108.496    0.74709
   108.829    0.74665
   109.162    0.74607
   109.496    0.74535
   109.829    0.74450
   110.162    0.74360
   110.496    0.74272
   110.829    0.74193
   111.162    0.74133
   111.496    0.74097
   111.829    0.74095
   112.162    0.74133
   112.495    0.74219
   112.829    0.74356
   113.162    0.74535
   113.495    0.74743
   113.829    0.74967
   114.162    0.75194
   114.495    0.75413
   114.829    0.75609
   115.162    0.75772
   115.495    0.75887
   115.828    0.75949
   116.162    0.75962
   116.495    0.75935
   116.828    0.75876
   117.162    0.75791
   117.495    0.75689
   117.828    0.75577
   118.162    0.75464
   118.495    0.75356
   118.828    0.75258
   119.161    0.75174
   119.495    0.75107
   119.828    0.75059
   120.161    0.75034
   120.495    0.75034
   120.828    0.75063
   121.161    0.75123
   121.495    0.75218
   121.828    0.75351
   122.161    0.75523
   122.494    0.75731
   122.828    0.75971
   123.161    0.76235
   123.494    0.76520
   123.828    0.76818
   124.161    0.77125
   124.494    0.77434
   124.828    0.77744
   125.161    0.78054
   125.494    0.78364
   125.827    0.78674
