#     crsv smooth20120
#
     6.500    0.47507
     6.833    0.47716
     7.167    0.47924
     7.500    0.48133
     7.833    0.48341
     8.167    0.48550
     8.500    0.48758
     8.833    0.48967
     9.166    0.49175
     9.500    0.49384
     9.833    0.49592
    10.166    0.49800
    10.500    0.50008
    10.833    0.50213
    11.166    0.50417
    11.500    0.50619
    11.833    0.50817
    12.166    0.51011
    12.499    0.51202
    12.833    0.51388
    13.166    0.51569
    13.499    0.51743
    13.833    0.51912
    14.166    0.52074
    14.499    0.52229
    14.833    0.52375
    15.166    0.52514
    15.499    0.52646
    15.832    0.52772
    16.166    0.52893
    16.499    0.53008
    16.832    0.53120
    17.166    0.53228
    17.499    0.53334
    17.832    0.53438
    18.166    0.53540
    18.499    0.53643
    18.832    0.53745
    19.165    0.53849
    19.499    0.53954
    19.832    0.54061
    20.165    0.54170
    20.499    0.54280
    20.832    0.54392
    21.165    0.54505
    21.499    0.54620
    21.832    0.54736
    22.165    0.54853
    22.498    0.54971
    22.832    0.55091
    23.165    0.55212
    23.498    0.55334
    23.832    0.55457
    24.165    0.55580
    24.498    0.55704
    24.832    0.55829
    25.165    0.55954
    25.498    0.56079
    25.831    0.56204
    26.165    0.56329
    26.498    0.56454
    26.831    0.56578
    27.165    0.56702
    27.498    0.56825
    27.831    0.56947
    28.165    0.57069
    28.498    0.57190
    28.831    0.57311
    29.164    0.57432
    29.498    0.57552
    29.831    0.57672
    30.164    0.57793
    30.498    0.57913
    30.831    0.58034
    31.164    0.58154
    31.498    0.58275
    31.831    0.58397
    32.164    0.58519
    32.497    0.58642
    32.831    0.58765
    33.164    0.58890
    33.497    0.59015
    33.831    0.59142
    34.164    0.59270
    34.497    0.59400
    34.831    0.59531
    35.164    0.59663
    35.497    0.59797
    35.830    0.59932
    36.164    0.60065
    36.497    0.60194
    36.830    0.60317
    37.164    0.60434
    37.497    0.60540
    37.830    0.60636
    38.164    0.60718
    38.497    0.60784
    38.830    0.60834
    39.163    0.60865
    39.497    0.60876
    39.830    0.60869
    40.163    0.60849
    40.497    0.60816
    40.830    0.60774
    41.163    0.60727
    41.497    0.60675
    41.830    0.60623
    42.163    0.60573
    42.496    0.60528
    42.830    0.60490
    43.163    0.60463
    43.496    0.60447
    43.830    0.60443
    44.163    0.60448
    44.496    0.60463
    44.830    0.60487
    45.163    0.60518
    45.496    0.60555
    45.829    0.60599
    46.163    0.60647
    46.496    0.60700
    46.829    0.60756
    47.163    0.60813
    47.496    0.60872
    47.829    0.60929
    48.163    0.60980
    48.496    0.61024
    48.829    0.61056
    49.162    0.61074
    49.496    0.61075
    49.829    0.61055
    50.162    0.61012
    50.496    0.60943
    50.829    0.60844
    51.162    0.60714
    51.496    0.60552
    51.829    0.60364
    52.162    0.60156
    52.495    0.59933
    52.829    0.59701
    53.162    0.59464
    53.495    0.59230
    53.829    0.59002
    54.162    0.58787
    54.495    0.58590
    54.829    0.58416
    55.162    0.58272
    55.495    0.58162
    55.828    0.58089
    56.162    0.58052
    56.495    0.58047
    56.828    0.58073
    57.162    0.58127
    57.495    0.58206
    57.828    0.58308
    58.162    0.58431
    58.495    0.58572
    58.828    0.58728
    59.161    0.58898
    59.495    0.59079
    59.828    0.59269
    60.161    0.59464
    60.495    0.59662
    60.828    0.59862
    61.161    0.60062
    61.495    0.60262
    61.828    0.60462
    62.161    0.60662
    62.494    0.60862
    62.828    0.61062
    63.161    0.61262
    63.494    0.61461
    63.828    0.61661
