#     crsv smooth20120
#
   128.500    0.57319
   128.833    0.57429
   129.167    0.57539
   129.500    0.57649
   129.833    0.57759
   130.167    0.57869
   130.500    0.57979
   130.833    0.58089
   131.166    0.58199
   131.500    0.58309
   131.833    0.58419
   132.166    0.58529
   132.500    0.58639
   132.833    0.58749
   133.166    0.58859
   133.500    0.58969
   133.833    0.59079
   134.166    0.59189
   134.499    0.59298
   134.833    0.59405
   135.166    0.59509
   135.499    0.59609
   135.833    0.59704
   136.166    0.59793
   136.499    0.59876
   136.833    0.59951
   137.166    0.60018
   137.499    0.60075
   137.832    0.60121
   138.166    0.60156
   138.499    0.60179
   138.832    0.60188
   139.166    0.60184
   139.499    0.60163
   139.832    0.60127
   140.166    0.60075
   140.499    0.60012
   140.832    0.59939
   141.165    0.59861
   141.499    0.59781
   141.832    0.59704
   142.165    0.59631
   142.499    0.59568
   142.832    0.59516
   143.165    0.59481
   143.499    0.59465
   143.832    0.59472
   144.165    0.59506
   144.498    0.59567
   144.832    0.59656
   145.165    0.59768
   145.498    0.59902
   145.832    0.60054
   146.165    0.60223
   146.498    0.60405
   146.832    0.60598
   147.165    0.60799
   147.498    0.61006
   147.831    0.61216
   148.165    0.61427
   148.498    0.61635
   148.831    0.61838
   149.165    0.62035
   149.498    0.62221
   149.831    0.62394
   150.165    0.62552
   150.498    0.62692
   150.831    0.62811
   151.164    0.62908
   151.498    0.62978
   151.831    0.63020
   152.164    0.63031
   152.498    0.63012
   152.831    0.62970
   153.164    0.62911
   153.498    0.62840
   153.831    0.62764
   154.164    0.62689
   154.497    0.62621
   154.831    0.62567
   155.164    0.62533
   155.497    0.62524
   155.831    0.62547
   156.164    0.62608
   156.497    0.62707
   156.831    0.62838
   157.164    0.62992
   157.497    0.63161
   157.830    0.63338
   158.164    0.63514
   158.497    0.63683
   158.830    0.63835
   159.164    0.63964
   159.497    0.64061
   159.830    0.64118
   160.163    0.64129
   160.497    0.64091
   160.830    0.64012
   161.163    0.63900
   161.497    0.63762
   161.830    0.63604
   162.163    0.63435
   162.497    0.63261
   162.830    0.63090
   163.163    0.62929
   163.496    0.62786
   163.830    0.62667
   164.163    0.62578
   164.496    0.62516
   164.830    0.62475
   165.163    0.62451
   165.496    0.62438
   165.830    0.62432
   166.163    0.62428
   166.496    0.62421
   166.830    0.62405
   167.163    0.62376
   167.496    0.62329
   167.829    0.62258
   168.163    0.62159
   168.496    0.62031
   168.829    0.61878
   169.163    0.61703
   169.496    0.61509
   169.829    0.61301
   170.163    0.61082
   170.496    0.60855
   170.829    0.60625
   171.162    0.60394
   171.496    0.60167
   171.829    0.59946
   172.162    0.59737
   172.496    0.59539
   172.829    0.59354
   173.162    0.59179
   173.496    0.59015
   173.829    0.58861
   174.162    0.58715
   174.495    0.58578
   174.829    0.58449
   175.162    0.58326
   175.495    0.58210
   175.829    0.58098
   176.162    0.57990
   176.495    0.57883
   176.829    0.57775
   177.162    0.57664
   177.495    0.57547
   177.828    0.57423
   178.162    0.57290
   178.495    0.57145
   178.828    0.56988
   179.162    0.56821
   179.495    0.56648
   179.828    0.56473
   180.162    0.56300
   180.495    0.56132
   180.828    0.55975
   181.161    0.55831
   181.495    0.55704
   181.828    0.55597
   182.161    0.55508
   182.495    0.55434
   182.828    0.55374
   183.161    0.55325
   183.495    0.55285
   183.828    0.55251
   184.161    0.55221
   184.494    0.55193
   184.828    0.55165
   185.161    0.55138
   185.494    0.55110
   185.828    0.55082
   186.161    0.55054
