#     crsv smooth20060
#
     6.500    0.75612
     6.833    0.75693
     7.167    0.75774
     7.500    0.75856
     7.833    0.75937
     8.167    0.76019
     8.500    0.76100
     8.833    0.76181
     9.166    0.76263
     9.500    0.76344
     9.833    0.76426
    10.166    0.76507
    10.500    0.76588
    10.833    0.76669
    11.166    0.76750
    11.500    0.76831
    11.833    0.76911
    12.166    0.76992
    12.499    0.77071
    12.833    0.77151
    13.166    0.77229
    13.499    0.77308
    13.833    0.77385
    14.166    0.77462
    14.499    0.77539
    14.833    0.77614
    15.166    0.77689
    15.499    0.77763
    15.832    0.77836
    16.166    0.77908
    16.499    0.77980
    16.832    0.78050
    17.166    0.78118
    17.499    0.78186
    17.832    0.78253
    18.166    0.78318
    18.499    0.78382
    18.832    0.78444
    19.165    0.78505
    19.499    0.78565
    19.832    0.78623
    20.165    0.78681
    20.499    0.78738
    20.832    0.78795
    21.165    0.78852
    21.499    0.78910
    21.832    0.78969
    22.165    0.79029
    22.498    0.79091
    22.832    0.79155
    23.165    0.79221
    23.498    0.79290
    23.832    0.79361
    24.165    0.79433
    24.498    0.79507
    24.832    0.79582
    25.165    0.79657
    25.498    0.79732
    25.831    0.79806
    26.165    0.79879
    26.498    0.79951
    26.831    0.80020
    27.165    0.80087
    27.498    0.80152
    27.831    0.80214
    28.165    0.80274
    28.498    0.80334
    28.831    0.80393
    29.164    0.80451
    29.498    0.80511
    29.831    0.80571
    30.164    0.80633
    30.498    0.80697
    30.831    0.80763
    31.164    0.80833
    31.498    0.80905
    31.831    0.80981
    32.164    0.81058
    32.497    0.81137
    32.831    0.81215
    33.164    0.81292
    33.497    0.81367
    33.831    0.81439
    34.164    0.81507
    34.497    0.81571
    34.831    0.81629
    35.164    0.81681
    35.497    0.81725
    35.830    0.81762
    36.164    0.81792
    36.497    0.81817
    36.830    0.81836
    37.164    0.81852
    37.497    0.81863
    37.830    0.81872
    38.164    0.81878
    38.497    0.81883
    38.830    0.81887
    39.163    0.81891
    39.497    0.81895
    39.830    0.81899
    40.163    0.81905
    40.497    0.81910
    40.830    0.81917
    41.163    0.81925
    41.497    0.81933
    41.830    0.81943
    42.163    0.81954
    42.496    0.81966
    42.830    0.81980
    43.163    0.81995
    43.496    0.82012
    43.830    0.82030
    44.163    0.82049
    44.496    0.82070
    44.830    0.82091
    45.163    0.82114
    45.496    0.82136
    45.829    0.82160
    46.163    0.82184
    46.496    0.82208
    46.829    0.82232
    47.163    0.82255
    47.496    0.82279
    47.829    0.82301
    48.163    0.82320
    48.496    0.82337
    48.829    0.82349
    49.162    0.82356
    49.496    0.82357
    49.829    0.82351
    50.162    0.82337
    50.496    0.82314
    50.829    0.82281
    51.162    0.82238
    51.496    0.82184
    51.829    0.82122
    52.162    0.82053
    52.495    0.81978
    52.829    0.81899
    53.162    0.81819
    53.495    0.81738
    53.829    0.81658
    54.162    0.81581
    54.495    0.81509
    54.829    0.81443
    55.162    0.81385
    55.495    0.81337
    55.828    0.81299
    56.162    0.81272
    56.495    0.81253
    56.828    0.81243
    57.162    0.81241
    57.495    0.81246
    57.828    0.81258
    58.162    0.81276
    58.495    0.81298
    58.828    0.81325
    59.161    0.81356
    59.495    0.81390
    59.828    0.81426
    60.161    0.81464
    60.495    0.81503
    60.828    0.81542
    61.161    0.81581
    61.495    0.81620
    61.828    0.81660
    62.161    0.81699
    62.494    0.81738
    62.828    0.81777
    63.161    0.81817
    63.494    0.81856
    63.828    0.81895
