#     crsv smooth20050
#
     6.500    0.80360
     6.833    0.80422
     7.167    0.80483
     7.500    0.80544
     7.833    0.80605
     8.167    0.80666
     8.500    0.80727
     8.833    0.80788
     9.166    0.80849
     9.500    0.80911
     9.833    0.80972
    10.166    0.81033
    10.500    0.81094
    10.833    0.81155
    11.166    0.81216
    11.500    0.81278
    11.833    0.81339
    12.166    0.81401
    12.499    0.81462
    12.833    0.81524
    13.166    0.81586
    13.499    0.81648
    13.833    0.81710
    14.166    0.81772
    14.499    0.81834
    14.833    0.81897
    15.166    0.81959
    15.499    0.82022
    15.832    0.82085
    16.166    0.82147
    16.499    0.82208
    16.832    0.82269
    17.166    0.82329
    17.499    0.82388
    17.832    0.82446
    18.166    0.82503
    18.499    0.82559
    18.832    0.82612
    19.165    0.82664
    19.499    0.82715
    19.832    0.82764
    20.165    0.82812
    20.499    0.82859
    20.832    0.82906
    21.165    0.82953
    21.499    0.83001
    21.832    0.83049
    22.165    0.83099
    22.498    0.83151
    22.832    0.83205
    23.165    0.83261
    23.498    0.83320
    23.832    0.83381
    24.165    0.83444
    24.498    0.83509
    24.832    0.83575
    25.165    0.83640
    25.498    0.83706
    25.831    0.83771
    26.165    0.83835
    26.498    0.83897
    26.831    0.83957
    27.165    0.84015
    27.498    0.84069
    27.831    0.84121
    28.165    0.84172
    28.498    0.84221
    28.831    0.84270
    29.164    0.84318
    29.498    0.84368
    29.831    0.84418
    30.164    0.84470
    30.498    0.84524
    30.831    0.84582
    31.164    0.84642
    31.498    0.84707
    31.831    0.84774
    32.164    0.84843
    32.497    0.84913
    32.831    0.84982
    33.164    0.85050
    33.497    0.85116
    33.831    0.85179
    34.164    0.85237
    34.497    0.85289
    34.831    0.85335
    35.164    0.85373
    35.497    0.85403
    35.830    0.85425
    36.164    0.85439
    36.497    0.85448
    36.830    0.85452
    37.164    0.85452
    37.497    0.85449
    37.830    0.85445
    38.164    0.85439
    38.497    0.85435
    38.830    0.85431
    39.163    0.85430
    39.497    0.85432
    39.830    0.85437
    40.163    0.85445
    40.497    0.85456
    40.830    0.85468
    41.163    0.85483
    41.497    0.85499
    41.830    0.85516
    42.163    0.85535
    42.496    0.85555
    42.830    0.85575
    43.163    0.85596
    43.496    0.85617
    43.830    0.85639
    44.163    0.85660
    44.496    0.85681
    44.830    0.85702
    45.163    0.85724
    45.496    0.85745
    45.829    0.85765
    46.163    0.85786
    46.496    0.85806
    46.829    0.85825
    47.163    0.85844
    47.496    0.85863
    47.829    0.85880
    48.163    0.85895
    48.496    0.85907
    48.829    0.85917
    49.162    0.85923
    49.496    0.85924
    49.829    0.85920
    50.162    0.85911
    50.496    0.85896
    50.829    0.85874
    51.162    0.85845
    51.496    0.85809
    51.829    0.85767
    52.162    0.85719
    52.495    0.85668
    52.829    0.85614
    53.162    0.85558
    53.495    0.85502
    53.829    0.85446
    54.162    0.85391
    54.495    0.85339
    54.829    0.85291
    55.162    0.85247
    55.495    0.85210
    55.828    0.85178
    56.162    0.85153
    56.495    0.85133
    56.828    0.85119
    57.162    0.85109
    57.495    0.85104
    57.828    0.85102
    58.162    0.85105
    58.495    0.85110
    58.828    0.85118
    59.161    0.85128
    59.495    0.85140
    59.828    0.85154
    60.161    0.85168
    60.495    0.85183
    60.828    0.85199
    61.161    0.85214
    61.495    0.85229
    61.828    0.85245
    62.161    0.85260
    62.494    0.85275
    62.828    0.85291
    63.161    0.85306
    63.494    0.85321
    63.828    0.85337
