#     crsv smooth20007
#
     6.500    1.08629
     6.833    1.08597
     7.167    1.08564
     7.500    1.08532
     7.833    1.08500
     8.167    1.08468
     8.500    1.08436
     8.833    1.08404
     9.166    1.08372
     9.500    1.08340
     9.833    1.08308
    10.166    1.08276
    10.500    1.08245
    10.833    1.08213
    11.166    1.08182
    11.500    1.08152
    11.833    1.08123
    12.166    1.08095
    12.499    1.08068
    12.833    1.08042
    13.166    1.08017
    13.499    1.07994
    13.833    1.07973
    14.166    1.07954
    14.499    1.07937
    14.833    1.07921
    15.166    1.07908
    15.499    1.07897
    15.832    1.07887
    16.166    1.07878
    16.499    1.07871
    16.832    1.07864
    17.166    1.07858
    17.499    1.07852
    17.832    1.07847
    18.166    1.07841
    18.499    1.07834
    18.832    1.07827
    19.165    1.07819
    19.499    1.07810
    19.832    1.07800
    20.165    1.07788
    20.499    1.07775
    20.832    1.07760
    21.165    1.07744
    21.499    1.07726
    21.832    1.07706
    22.165    1.07685
    22.498    1.07662
    22.832    1.07637
    23.165    1.07610
    23.498    1.07581
    23.832    1.07550
    24.165    1.07517
    24.498    1.07484
    24.832    1.07449
    25.165    1.07414
    25.498    1.07378
    25.831    1.07342
    26.165    1.07306
    26.498    1.07270
    26.831    1.07235
    27.165    1.07201
    27.498    1.07168
    27.831    1.07136
    28.165    1.07103
    28.498    1.07070
    28.831    1.07036
    29.164    1.07001
    29.498    1.06964
    29.831    1.06925
    30.164    1.06884
    30.498    1.06839
    30.831    1.06790
    31.164    1.06738
    31.498    1.06682
    31.831    1.06622
    32.164    1.06561
    32.497    1.06500
    32.831    1.06440
    33.164    1.06382
    33.497    1.06329
    33.831    1.06281
    34.164    1.06240
    34.497    1.06207
    34.831    1.06183
    35.164    1.06171
    35.497    1.06171
    35.830    1.06182
    36.164    1.06202
    36.497    1.06230
    36.830    1.06263
    37.164    1.06299
    37.497    1.06337
    37.830    1.06375
    38.164    1.06410
    38.497    1.06441
    38.830    1.06466
    39.163    1.06483
    39.497    1.06490
    39.830    1.06490
    40.163    1.06482
    40.497    1.06468
    40.830    1.06449
    41.163    1.06425
    41.497    1.06399
    41.830    1.06371
    42.163    1.06343
    42.496    1.06314
    42.830    1.06287
    43.163    1.06263
    43.496    1.06242
    43.830    1.06223
    44.163    1.06207
    44.496    1.06193
    44.830    1.06181
    45.163    1.06170
    45.496    1.06160
    45.829    1.06151
    46.163    1.06143
    46.496    1.06135
    46.829    1.06127
    47.163    1.06118
    47.496    1.06108
    47.829    1.06098
    48.163    1.06087
    48.496    1.06076
    48.829    1.06065
    49.162    1.06053
    49.496    1.06041
    49.829    1.06030
    50.162    1.06018
    50.496    1.06007
    50.829    1.05996
    51.162    1.05985
    51.496    1.05975
    51.829    1.05965
    52.162    1.05957
    52.495    1.05948
    52.829    1.05941
    53.162    1.05935
    53.495    1.05929
    53.829    1.05925
    54.162    1.05922
    54.495    1.05919
    54.829    1.05919
    55.162    1.05919
    55.495    1.05921
    55.828    1.05924
    56.162    1.05928
    56.495    1.05934
    56.828    1.05941
    57.162    1.05949
    57.495    1.05957
    57.828    1.05967
    58.162    1.05977
    58.495    1.05989
    58.828    1.06000
    59.161    1.06012
    59.495    1.06025
    59.828    1.06038
    60.161    1.06051
    60.495    1.06064
    60.828    1.06077
    61.161    1.06091
    61.495    1.06104
    61.828    1.06117
    62.161    1.06131
    62.494    1.06144
    62.828    1.06157
    63.161    1.06170
    63.494    1.06184
    63.828    1.06197
