#     crsv smooth20030
#
    66.500    0.95619
    66.833    0.95630
    67.167    0.95641
    67.500    0.95651
    67.833    0.95662
    68.166    0.95673
    68.500    0.95684
    68.833    0.95695
    69.166    0.95704
    69.500    0.95711
    69.833    0.95715
    70.166    0.95715
    70.500    0.95709
    70.833    0.95698
    71.166    0.95680
    71.499    0.95654
    71.833    0.95620
    72.166    0.95575
    72.499    0.95519
    72.833    0.95449
    73.166    0.95365
    73.499    0.95265
    73.833    0.95148
    74.166    0.95012
    74.499    0.94863
    74.832    0.94710
    75.166    0.94566
    75.499    0.94440
    75.832    0.94343
    76.166    0.94286
    76.499    0.94269
    76.832    0.94286
    77.166    0.94327
    77.499    0.94385
    77.832    0.94453
    78.166    0.94521
    78.499    0.94582
    78.832    0.94628
    79.165    0.94652
    79.499    0.94643
    79.832    0.94598
    80.165    0.94520
    80.499    0.94416
    80.832    0.94295
    81.165    0.94165
    81.499    0.94033
    81.832    0.93908
    82.165    0.93798
    82.498    0.93710
    82.832    0.93649
    83.165    0.93612
    83.498    0.93596
    83.832    0.93595
    84.165    0.93606
    84.498    0.93623
    84.832    0.93643
    85.165    0.93660
    85.498    0.93672
    85.831    0.93675
    86.165    0.93672
    86.498    0.93663
    86.831    0.93653
    87.165    0.93641
    87.498    0.93632
    87.831    0.93627
    88.165    0.93627
    88.498    0.93636
    88.831    0.93654
    89.164    0.93683
    89.498    0.93718
    89.831    0.93760
    90.164    0.93805
    90.498    0.93851
    90.831    0.93898
    91.164    0.93942
    91.498    0.93981
    91.831    0.94015
    92.164    0.94044
    92.497    0.94068
    92.831    0.94088
    93.164    0.94103
    93.497    0.94115
    93.831    0.94123
    94.164    0.94128
    94.497    0.94130
    94.831    0.94130
    95.164    0.94128
    95.497    0.94123
    95.830    0.94116
    96.164    0.94108
    96.497    0.94098
    96.830    0.94086
    97.164    0.94073
    97.497    0.94058
    97.830    0.94043
    98.164    0.94026
    98.497    0.94009
    98.830    0.93990
    99.163    0.93972
    99.497    0.93952
    99.830    0.93933
   100.163    0.93913
   100.497    0.93894
   100.830    0.93874
   101.163    0.93855
   101.497    0.93836
   101.830    0.93818
   102.163    0.93801
   102.496    0.93784
   102.830    0.93768
   103.163    0.93754
   103.496    0.93741
   103.830    0.93729
   104.163    0.93717
   104.496    0.93703
   104.830    0.93686
   105.163    0.93663
   105.496    0.93634
   105.829    0.93596
   106.163    0.93548
   106.496    0.93489
   106.829    0.93416
   107.163    0.93333
   107.496    0.93243
   107.829    0.93150
   108.163    0.93057
   108.496    0.92969
   108.829    0.92889
   109.162    0.92821
   109.496    0.92768
   109.829    0.92730
   110.162    0.92703
   110.496    0.92683
   110.829    0.92665
   111.162    0.92645
   111.496    0.92618
   111.829    0.92580
   112.162    0.92527
   112.495    0.92453
   112.829    0.92358
   113.162    0.92246
   113.495    0.92126
   113.829    0.92003
   114.162    0.91886
   114.495    0.91782
   114.829    0.91698
   115.162    0.91641
   115.495    0.91619
   115.828    0.91634
   116.162    0.91683
   116.495    0.91757
   116.828    0.91852
   117.162    0.91961
   117.495    0.92078
   117.828    0.92196
   118.162    0.92308
   118.495    0.92410
   118.828    0.92499
   119.161    0.92577
   119.495    0.92647
   119.828    0.92710
   120.161    0.92768
   120.495    0.92823
   120.828    0.92878
   121.161    0.92934
   121.495    0.92993
   121.828    0.93057
   122.161    0.93128
   122.494    0.93206
   122.828    0.93290
   123.161    0.93379
   123.494    0.93471
   123.828    0.93565
   124.161    0.93661
   124.494    0.93758
   124.828    0.93855
   125.161    0.93952
   125.494    0.94049
   125.827    0.94145
