#     crsv smooth20040
#
    66.500    0.92623
    66.833    0.92646
    67.167    0.92668
    67.500    0.92691
    67.833    0.92713
    68.166    0.92736
    68.500    0.92759
    68.833    0.92781
    69.166    0.92801
    69.500    0.92818
    69.833    0.92830
    70.166    0.92837
    70.500    0.92836
    70.833    0.92826
    71.166    0.92806
    71.499    0.92775
    71.833    0.92732
    72.166    0.92675
    72.499    0.92603
    72.833    0.92517
    73.166    0.92416
    73.499    0.92299
    73.833    0.92165
    74.166    0.92014
    74.499    0.91852
    74.832    0.91687
    75.166    0.91530
    75.499    0.91391
    75.832    0.91280
    76.166    0.91207
    76.499    0.91171
    76.832    0.91166
    77.166    0.91185
    77.499    0.91218
    77.832    0.91259
    78.166    0.91300
    78.499    0.91333
    78.832    0.91350
    79.165    0.91344
    79.499    0.91307
    79.832    0.91233
    80.165    0.91126
    80.499    0.90996
    80.832    0.90850
    81.165    0.90698
    81.499    0.90547
    81.832    0.90406
    82.165    0.90284
    82.498    0.90189
    82.832    0.90126
    83.165    0.90092
    83.498    0.90081
    83.832    0.90088
    84.165    0.90107
    84.498    0.90133
    84.832    0.90162
    85.165    0.90187
    85.498    0.90203
    85.831    0.90208
    86.165    0.90203
    86.498    0.90191
    86.831    0.90174
    87.165    0.90156
    87.498    0.90137
    87.831    0.90122
    88.165    0.90111
    88.498    0.90109
    88.831    0.90116
    89.164    0.90134
    89.498    0.90159
    89.831    0.90191
    90.164    0.90228
    90.498    0.90268
    90.831    0.90310
    91.164    0.90352
    91.498    0.90392
    91.831    0.90429
    92.164    0.90463
    92.497    0.90494
    92.831    0.90522
    93.164    0.90546
    93.497    0.90566
    93.831    0.90582
    94.164    0.90594
    94.497    0.90601
    94.831    0.90605
    95.164    0.90603
    95.497    0.90598
    95.830    0.90589
    96.164    0.90577
    96.497    0.90562
    96.830    0.90544
    97.164    0.90523
    97.497    0.90500
    97.830    0.90474
    98.164    0.90447
    98.497    0.90418
    98.830    0.90388
    99.163    0.90357
    99.497    0.90326
    99.830    0.90293
   100.163    0.90261
   100.497    0.90228
   100.830    0.90196
   101.163    0.90165
   101.497    0.90134
   101.830    0.90104
   102.163    0.90076
   102.496    0.90049
   102.830    0.90024
   103.163    0.90002
   103.496    0.89981
   103.830    0.89963
   104.163    0.89947
   104.496    0.89929
   104.830    0.89908
   105.163    0.89882
   105.496    0.89849
   105.829    0.89807
   106.163    0.89755
   106.496    0.89689
   106.829    0.89610
   107.163    0.89519
   107.496    0.89421
   107.829    0.89319
   108.163    0.89216
   108.496    0.89117
   108.829    0.89027
   109.162    0.88947
   109.496    0.88883
   109.829    0.88834
   110.162    0.88796
   110.496    0.88764
   110.829    0.88735
   111.162    0.88703
   111.496    0.88664
   111.829    0.88614
   112.162    0.88548
   112.495    0.88462
   112.829    0.88354
   113.162    0.88231
   113.495    0.88099
   113.829    0.87967
   114.162    0.87843
   114.495    0.87734
   114.829    0.87649
   115.162    0.87595
   115.495    0.87581
   115.828    0.87608
   116.162    0.87673
   116.495    0.87767
   116.828    0.87882
   117.162    0.88012
   117.495    0.88149
   117.828    0.88285
   118.162    0.88413
   118.495    0.88527
   118.828    0.88623
   119.161    0.88707
   119.495    0.88780
   119.828    0.88845
   120.161    0.88907
   120.495    0.88966
   120.828    0.89028
   121.161    0.89094
   121.495    0.89168
   121.828    0.89253
   122.161    0.89351
   122.494    0.89461
   122.828    0.89583
   123.161    0.89713
   123.494    0.89850
   123.828    0.89992
   124.161    0.90137
   124.494    0.90283
   124.828    0.90429
   125.161    0.90575
   125.494    0.90721
   125.827    0.90867
