#     crsv smooth20015
#
     6.500    1.00246
     6.833    1.00245
     7.167    1.00245
     7.500    1.00244
     7.833    1.00243
     8.167    1.00243
     8.500    1.00242
     8.833    1.00241
     9.166    1.00241
     9.500    1.00240
     9.833    1.00240
    10.166    1.00239
    10.500    1.00238
    10.833    1.00238
    11.166    1.00237
    11.500    1.00236
    11.833    1.00236
    12.166    1.00235
    12.499    1.00234
    12.833    1.00234
    13.166    1.00233
    13.499    1.00232
    13.833    1.00232
    14.166    1.00231
    14.499    1.00230
    14.833    1.00230
    15.166    1.00229
    15.499    1.00228
    15.832    1.00227
    16.166    1.00227
    16.499    1.00226
    16.832    1.00225
    17.166    1.00225
    17.499    1.00224
    17.832    1.00223
    18.166    1.00222
    18.499    1.00221
    18.832    1.00221
    19.165    1.00220
    19.499    1.00219
    19.832    1.00218
    20.165    1.00218
    20.499    1.00217
    20.832    1.00216
    21.165    1.00215
    21.499    1.00214
    21.832    1.00213
    22.165    1.00213
    22.498    1.00212
    22.832    1.00211
    23.165    1.00210
    23.498    1.00209
    23.832    1.00208
    24.165    1.00207
    24.498    1.00207
    24.832    1.00206
    25.165    1.00205
    25.498    1.00204
    25.831    1.00203
    26.165    1.00202
    26.498    1.00201
    26.831    1.00201
    27.165    1.00200
    27.498    1.00199
    27.831    1.00198
    28.165    1.00197
    28.498    1.00197
    28.831    1.00196
    29.164    1.00195
    29.498    1.00194
    29.831    1.00193
    30.164    1.00193
    30.498    1.00192
    30.831    1.00191
    31.164    1.00190
    31.498    1.00189
    31.831    1.00188
    32.164    1.00187
    32.497    1.00186
    32.831    1.00185
    33.164    1.00184
    33.497    1.00183
    33.831    1.00183
    34.164    1.00182
    34.497    1.00181
    34.831    1.00181
    35.164    1.00180
    35.497    1.00180
    35.830    1.00179
    36.164    1.00179
    36.497    1.00179
    36.830    1.00179
    37.164    1.00179
    37.497    1.00179
    37.830    1.00179
    38.164    1.00179
    38.497    1.00180
    38.830    1.00180
    39.163    1.00180
    39.497    1.00180
    39.830    1.00181
    40.163    1.00181
    40.497    1.00181
    40.830    1.00181
    41.163    1.00181
    41.497    1.00181
    41.830    1.00181
    42.163    1.00181
    42.496    1.00181
    42.830    1.00180
    43.163    1.00180
    43.496    1.00179
    43.830    1.00178
    44.163    1.00178
    44.496    1.00177
    44.830    1.00176
    45.163    1.00175
    45.496    1.00174
    45.829    1.00173
    46.163    1.00172
    46.496    1.00171
    46.829    1.00170
    47.163    1.00170
    47.496    1.00170
    47.829    1.00169
    48.163    1.00169
    48.496    1.00169
    48.829    1.00169
    49.162    1.00169
    49.496    1.00169
    49.829    1.00169
    50.162    1.00170
    50.496    1.00170
    50.829    1.00170
    51.162    1.00170
    51.496    1.00170
    51.829    1.00170
    52.162    1.00170
    52.495    1.00170
    52.829    1.00170
    53.162    1.00170
    53.495    1.00170
    53.829    1.00170
    54.162    1.00170
    54.495    1.00170
    54.829    1.00170
    55.162    1.00170
    55.495    1.00170
    55.828    1.00170
    56.162    1.00171
    56.495    1.00171
    56.828    1.00172
    57.162    1.00172
    57.495    1.00173
    57.828    1.00173
    58.162    1.00174
    58.495    1.00175
    58.828    1.00176
    59.161    1.00176
    59.495    1.00177
    59.828    1.00178
    60.161    1.00179
    60.495    1.00180
    60.828    1.00180
    61.161    1.00181
    61.495    1.00182
    61.828    1.00183
    62.161    1.00184
    62.494    1.00185
    62.828    1.00186
    63.161    1.00186
    63.494    1.00187
    63.828    1.00188
