#     crsv smooth20015
#
    66.500    1.00086
    66.833    1.00087
    67.167    1.00088
    67.500    1.00088
    67.833    1.00089
    68.166    1.00090
    68.500    1.00090
    68.833    1.00091
    69.166    1.00092
    69.500    1.00092
    69.833    1.00093
    70.166    1.00094
    70.500    1.00095
    70.833    1.00097
    71.166    1.00098
    71.499    1.00100
    71.833    1.00102
    72.166    1.00104
    72.499    1.00106
    72.833    1.00109
    73.166    1.00112
    73.499    1.00115
    73.833    1.00118
    74.166    1.00122
    74.499    1.00126
    74.832    1.00130
    75.166    1.00134
    75.499    1.00137
    75.832    1.00139
    76.166    1.00140
    76.499    1.00141
    76.832    1.00140
    77.166    1.00138
    77.499    1.00137
    77.832    1.00135
    78.166    1.00133
    78.499    1.00131
    78.832    1.00130
    79.165    1.00129
    79.499    1.00130
    79.832    1.00132
    80.165    1.00134
    80.499    1.00138
    80.832    1.00142
    81.165    1.00146
    81.499    1.00150
    81.832    1.00154
    82.165    1.00158
    82.498    1.00160
    82.832    1.00162
    83.165    1.00163
    83.498    1.00163
    83.832    1.00163
    84.165    1.00163
    84.498    1.00162
    84.832    1.00161
    85.165    1.00160
    85.498    1.00160
    85.831    1.00160
    86.165    1.00160
    86.498    1.00160
    86.831    1.00160
    87.165    1.00160
    87.498    1.00161
    87.831    1.00161
    88.165    1.00161
    88.498    1.00160
    88.831    1.00159
    89.164    1.00159
    89.498    1.00157
    89.831    1.00156
    90.164    1.00155
    90.498    1.00153
    90.831    1.00152
    91.164    1.00151
    91.498    1.00150
    91.831    1.00149
    92.164    1.00149
    92.497    1.00149
    92.831    1.00149
    93.164    1.00149
    93.497    1.00149
    93.831    1.00149
    94.164    1.00150
    94.497    1.00150
    94.831    1.00150
    95.164    1.00151
    95.497    1.00151
    95.830    1.00152
    96.164    1.00152
    96.497    1.00152
    96.830    1.00153
    97.164    1.00153
    97.497    1.00153
    97.830    1.00154
    98.164    1.00154
    98.497    1.00154
    98.830    1.00155
    99.163    1.00155
    99.497    1.00155
    99.830    1.00156
   100.163    1.00156
   100.497    1.00156
   100.830    1.00157
   101.163    1.00157
   101.497    1.00158
   101.830    1.00158
   102.163    1.00158
   102.496    1.00159
   102.830    1.00159
   103.163    1.00160
   103.496    1.00160
   103.830    1.00160
   104.163    1.00161
   104.496    1.00162
   104.830    1.00162
   105.163    1.00163
   105.496    1.00164
   105.829    1.00166
   106.163    1.00168
   106.496    1.00170
   106.829    1.00172
   107.163    1.00175
   107.496    1.00178
   107.829    1.00181
   108.163    1.00183
   108.496    1.00186
   108.829    1.00188
   109.162    1.00189
   109.496    1.00190
   109.829    1.00190
   110.162    1.00190
   110.496    1.00189
   110.829    1.00189
   111.162    1.00188
   111.496    1.00188
   111.829    1.00188
   112.162    1.00188
   112.495    1.00190
   112.829    1.00193
   113.162    1.00196
   113.495    1.00200
   113.829    1.00205
   114.162    1.00209
   114.495    1.00213
   114.829    1.00216
   115.162    1.00219
   115.495    1.00220
   115.828    1.00220
   116.162    1.00220
   116.495    1.00218
   116.828    1.00215
   117.162    1.00212
   117.495    1.00209
   117.828    1.00205
   118.162    1.00201
   118.495    1.00198
   118.828    1.00194
   119.161    1.00191
   119.495    1.00188
   119.828    1.00185
   120.161    1.00182
   120.495    1.00179
   120.828    1.00177
   121.161    1.00174
   121.495    1.00172
   121.828    1.00170
   122.161    1.00169
   122.494    1.00167
   122.828    1.00166
   123.161    1.00164
   123.494    1.00163
   123.828    1.00162
   124.161    1.00161
   124.494    1.00159
   124.828    1.00158
   125.161    1.00157
   125.494    1.00156
   125.827    1.00155
