#     crsv smooth20090
#
    66.500    0.77600
    66.833    0.77693
    67.167    0.77785
    67.500    0.77878
    67.833    0.77971
    68.166    0.78063
    68.500    0.78156
    68.833    0.78246
    69.166    0.78331
    69.500    0.78406
    69.833    0.78466
    70.166    0.78508
    70.500    0.78527
    70.833    0.78519
    71.166    0.78479
    71.499    0.78404
    71.833    0.78290
    72.166    0.78148
    72.499    0.77988
    72.833    0.77823
    73.166    0.77667
    73.499    0.77532
    73.833    0.77431
    74.166    0.77375
    74.499    0.77360
    74.832    0.77369
    75.166    0.77382
    75.499    0.77383
    75.832    0.77351
    76.166    0.77271
    76.499    0.77137
    76.832    0.76957
    77.166    0.76738
    77.499    0.76490
    77.832    0.76221
    78.166    0.75938
    78.499    0.75650
    78.832    0.75366
    79.165    0.75093
    79.499    0.74839
    79.832    0.74612
    80.165    0.74414
    80.499    0.74243
    80.832    0.74099
    81.165    0.73981
    81.499    0.73889
    81.832    0.73821
    82.165    0.73778
    82.498    0.73759
    82.832    0.73761
    83.165    0.73781
    83.498    0.73814
    83.832    0.73855
    84.165    0.73899
    84.498    0.73941
    84.832    0.73977
    85.165    0.74002
    85.498    0.74010
    85.831    0.74001
    86.165    0.73973
    86.498    0.73930
    86.831    0.73872
    87.165    0.73801
    87.498    0.73719
    87.831    0.73627
    88.165    0.73528
    88.498    0.73422
    88.831    0.73311
    89.164    0.73198
    89.498    0.73088
    89.831    0.72983
    90.164    0.72889
    90.498    0.72808
    90.831    0.72745
    91.164    0.72704
    91.498    0.72688
    91.831    0.72698
    92.164    0.72731
    92.497    0.72780
    92.831    0.72841
    93.164    0.72910
    93.497    0.72981
    93.831    0.73050
    94.164    0.73111
    94.497    0.73161
    94.831    0.73196
    95.164    0.73215
    95.497    0.73222
    95.830    0.73215
    96.164    0.73196
    96.497    0.73166
    96.830    0.73125
    97.164    0.73075
    97.497    0.73016
    97.830    0.72949
    98.164    0.72876
    98.497    0.72796
    98.830    0.72710
    99.163    0.72620
    99.497    0.72527
    99.830    0.72431
   100.163    0.72332
   100.497    0.72233
   100.830    0.72133
   101.163    0.72034
   101.497    0.71936
   101.830    0.71840
   102.163    0.71748
   102.496    0.71659
   102.830    0.71575
   103.163    0.71497
   103.496    0.71425
   103.830    0.71360
   104.163    0.71303
   104.496    0.71253
   104.830    0.71211
   105.163    0.71177
   105.496    0.71150
   105.829    0.71132
   106.163    0.71122
   106.496    0.71120
   106.829    0.71125
   107.163    0.71136
   107.496    0.71147
   107.829    0.71154
   108.163    0.71153
   108.496    0.71139
   108.829    0.71109
   109.162    0.71058
   109.496    0.70982
   109.829    0.70885
   110.162    0.70777
   110.496    0.70671
   110.829    0.70579
   111.162    0.70512
   111.496    0.70482
   111.829    0.70502
   112.162    0.70582
   112.495    0.70735
   112.829    0.70966
   113.162    0.71259
   113.495    0.71593
   113.829    0.71948
   114.162    0.72305
   114.495    0.72641
   114.829    0.72938
   115.162    0.73175
   115.495    0.73332
   115.828    0.73397
   116.162    0.73382
   116.495    0.73301
   116.828    0.73166
   117.162    0.72993
   117.495    0.72794
   117.828    0.72585
   118.162    0.72378
   118.495    0.72187
   118.828    0.72019
   119.161    0.71877
   119.495    0.71763
   119.828    0.71679
   120.161    0.71628
   120.495    0.71611
   120.828    0.71632
   121.161    0.71691
   121.495    0.71793
   121.828    0.71938
   122.161    0.72128
   122.494    0.72360
   122.828    0.72626
   123.161    0.72922
   123.494    0.73239
   123.828    0.73573
   124.161    0.73916
   124.494    0.74263
   124.828    0.74609
   125.161    0.74956
   125.494    0.75303
   125.827    0.75649
