#     crsv smooth20060
#
    66.500    0.86622
    66.833    0.86672
    67.167    0.86721
    67.500    0.86771
    67.833    0.86820
    68.166    0.86870
    68.500    0.86919
    68.833    0.86967
    69.166    0.87012
    69.500    0.87052
    69.833    0.87083
    70.166    0.87103
    70.500    0.87110
    70.833    0.87102
    71.166    0.87075
    71.499    0.87028
    71.833    0.86959
    72.166    0.86871
    72.499    0.86766
    72.833    0.86649
    73.166    0.86524
    73.499    0.86395
    73.833    0.86266
    74.166    0.86141
    74.499    0.86021
    74.832    0.85907
    75.166    0.85801
    75.499    0.85702
    75.832    0.85611
    76.166    0.85528
    76.499    0.85453
    76.832    0.85383
    77.166    0.85316
    77.499    0.85249
    77.832    0.85180
    78.166    0.85106
    78.499    0.85026
    78.832    0.84935
    79.165    0.84832
    79.499    0.84715
    79.832    0.84582
    80.165    0.84437
    80.499    0.84285
    80.832    0.84132
    81.165    0.83983
    81.499    0.83846
    81.832    0.83724
    82.165    0.83624
    82.498    0.83552
    82.832    0.83510
    83.165    0.83495
    83.498    0.83500
    83.832    0.83521
    84.165    0.83551
    84.498    0.83586
    84.832    0.83620
    85.165    0.83647
    85.498    0.83662
    85.831    0.83663
    86.165    0.83650
    86.498    0.83626
    86.831    0.83593
    87.165    0.83554
    87.498    0.83512
    87.831    0.83467
    88.165    0.83423
    88.498    0.83381
    88.831    0.83345
    89.164    0.83314
    89.498    0.83290
    89.831    0.83272
    90.164    0.83262
    90.498    0.83259
    90.831    0.83263
    91.164    0.83276
    91.498    0.83297
    91.831    0.83326
    92.164    0.83361
    92.497    0.83401
    92.831    0.83442
    93.164    0.83484
    93.497    0.83524
    93.831    0.83561
    94.164    0.83592
    94.497    0.83615
    94.831    0.83630
    95.164    0.83636
    95.497    0.83635
    95.830    0.83627
    96.164    0.83611
    96.497    0.83589
    96.830    0.83562
    97.164    0.83529
    97.497    0.83491
    97.830    0.83449
    98.164    0.83403
    98.497    0.83353
    98.830    0.83301
    99.163    0.83247
    99.497    0.83190
    99.830    0.83133
   100.163    0.83074
   100.497    0.83015
   100.830    0.82957
   101.163    0.82899
   101.497    0.82842
   101.830    0.82787
   102.163    0.82733
   102.496    0.82683
   102.830    0.82636
   103.163    0.82592
   103.496    0.82553
   103.830    0.82518
   104.163    0.82486
   104.496    0.82456
   104.830    0.82427
   105.163    0.82398
   105.496    0.82366
   105.829    0.82332
   106.163    0.82292
   106.496    0.82246
   106.829    0.82194
   107.163    0.82135
   107.496    0.82070
   107.829    0.82002
   108.163    0.81931
   108.496    0.81860
   108.829    0.81788
   109.162    0.81717
   109.496    0.81649
   109.829    0.81585
   110.162    0.81524
   110.496    0.81468
   110.829    0.81415
   111.162    0.81366
   111.496    0.81322
   111.829    0.81282
   112.162    0.81248
   112.495    0.81218
   112.829    0.81193
   113.162    0.81175
   113.495    0.81162
   113.829    0.81157
   114.162    0.81159
   114.495    0.81170
   114.829    0.81190
   115.162    0.81219
   115.495    0.81258
   115.828    0.81307
   116.162    0.81364
   116.495    0.81425
   116.828    0.81489
   117.162    0.81552
   117.495    0.81613
   117.828    0.81668
   118.162    0.81714
   118.495    0.81751
   118.828    0.81777
   119.161    0.81798
   119.495    0.81817
   119.828    0.81837
   120.161    0.81863
   120.495    0.81898
   120.828    0.81947
   121.161    0.82011
   121.495    0.82097
   121.828    0.82206
   122.161    0.82343
   122.494    0.82506
   122.828    0.82690
   123.161    0.82891
   123.494    0.83107
   123.828    0.83332
   124.161    0.83563
   124.494    0.83796
   124.828    0.84029
   125.161    0.84263
   125.494    0.84496
   125.827    0.84729
