#     crsv smooth20090
#
     6.500    0.61539
     6.833    0.61684
     7.167    0.61829
     7.500    0.61974
     7.833    0.62119
     8.167    0.62264
     8.500    0.62409
     8.833    0.62554
     9.166    0.62699
     9.500    0.62844
     9.833    0.62989
    10.166    0.63134
    10.500    0.63278
    10.833    0.63421
    11.166    0.63564
    11.500    0.63705
    11.833    0.63844
    12.166    0.63982
    12.499    0.64117
    12.833    0.64249
    13.166    0.64379
    13.499    0.64506
    13.833    0.64629
    14.166    0.64748
    14.499    0.64864
    14.833    0.64975
    15.166    0.65082
    15.499    0.65185
    15.832    0.65284
    16.166    0.65380
    16.499    0.65473
    16.832    0.65564
    17.166    0.65653
    17.499    0.65740
    17.832    0.65825
    18.166    0.65909
    18.499    0.65992
    18.832    0.66075
    19.165    0.66157
    19.499    0.66240
    19.832    0.66323
    20.165    0.66406
    20.499    0.66490
    20.832    0.66575
    21.165    0.66661
    21.499    0.66747
    21.832    0.66835
    22.165    0.66924
    22.498    0.67015
    22.832    0.67107
    23.165    0.67201
    23.498    0.67297
    23.832    0.67395
    24.165    0.67493
    24.498    0.67593
    24.832    0.67693
    25.165    0.67794
    25.498    0.67894
    25.831    0.67994
    26.165    0.68094
    26.498    0.68192
    26.831    0.68289
    27.165    0.68385
    27.498    0.68478
    27.831    0.68570
    28.165    0.68661
    28.498    0.68752
    28.831    0.68841
    29.164    0.68931
    29.498    0.69021
    29.831    0.69111
    30.164    0.69202
    30.498    0.69294
    30.831    0.69388
    31.164    0.69483
    31.498    0.69581
    31.831    0.69680
    32.164    0.69781
    32.497    0.69882
    32.831    0.69984
    33.164    0.70086
    33.497    0.70187
    33.831    0.70288
    34.164    0.70387
    34.497    0.70484
    34.831    0.70579
    35.164    0.70672
    35.497    0.70761
    35.830    0.70847
    36.164    0.70929
    36.497    0.71005
    36.830    0.71076
    37.164    0.71142
    37.497    0.71200
    37.830    0.71252
    38.164    0.71295
    38.497    0.71330
    38.830    0.71356
    39.163    0.71373
    39.497    0.71379
    39.830    0.71378
    40.163    0.71369
    40.497    0.71355
    40.830    0.71337
    41.163    0.71317
    41.497    0.71295
    41.830    0.71274
    42.163    0.71254
    42.496    0.71237
    42.830    0.71225
    43.163    0.71219
    43.496    0.71220
    43.830    0.71227
    44.163    0.71239
    44.496    0.71258
    44.830    0.71280
    45.163    0.71308
    45.496    0.71338
    45.829    0.71372
    46.163    0.71409
    46.496    0.71448
    46.829    0.71488
    47.163    0.71530
    47.496    0.71571
    47.829    0.71611
    48.163    0.71647
    48.496    0.71677
    48.829    0.71700
    49.162    0.71713
    49.496    0.71714
    49.829    0.71702
    50.162    0.71674
    50.496    0.71628
    50.829    0.71563
    51.162    0.71476
    51.496    0.71369
    51.829    0.71244
    52.162    0.71105
    52.495    0.70956
    52.829    0.70801
    53.162    0.70643
    53.495    0.70485
    53.829    0.70331
    54.162    0.70185
    54.495    0.70050
    54.829    0.69930
    55.162    0.69829
    55.495    0.69749
    55.828    0.69694
    56.162    0.69660
    56.495    0.69648
    56.828    0.69655
    57.162    0.69680
    57.495    0.69722
    57.828    0.69777
    58.162    0.69847
    58.495    0.69927
    58.828    0.70018
    59.161    0.70117
    59.495    0.70224
    59.828    0.70335
    60.161    0.70451
    60.495    0.70568
    60.828    0.70687
    61.161    0.70805
    61.495    0.70923
    61.828    0.71042
    62.161    0.71160
    62.494    0.71278
    62.828    0.71397
    63.161    0.71515
    63.494    0.71633
    63.828    0.71752
