#     crsv smooth20025
#
     6.500    0.93242
     6.833    0.93260
     7.167    0.93278
     7.500    0.93296
     7.833    0.93314
     8.167    0.93332
     8.500    0.93350
     8.833    0.93368
     9.166    0.93386
     9.500    0.93404
     9.833    0.93422
    10.166    0.93440
    10.500    0.93459
    10.833    0.93477
    11.166    0.93495
    11.500    0.93514
    11.833    0.93532
    12.166    0.93551
    12.499    0.93570
    12.833    0.93589
    13.166    0.93609
    13.499    0.93629
    13.833    0.93649
    14.166    0.93670
    14.499    0.93691
    14.833    0.93713
    15.166    0.93735
    15.499    0.93757
    15.832    0.93779
    16.166    0.93802
    16.499    0.93824
    16.832    0.93847
    17.166    0.93869
    17.499    0.93891
    17.832    0.93912
    18.166    0.93933
    18.499    0.93953
    18.832    0.93973
    19.165    0.93992
    19.499    0.94009
    19.832    0.94027
    20.165    0.94043
    20.499    0.94060
    20.832    0.94076
    21.165    0.94093
    21.499    0.94110
    21.832    0.94128
    22.165    0.94146
    22.498    0.94166
    22.832    0.94188
    23.165    0.94210
    23.498    0.94235
    23.832    0.94261
    24.165    0.94288
    24.498    0.94316
    24.832    0.94345
    25.165    0.94374
    25.498    0.94403
    25.831    0.94432
    26.165    0.94460
    26.498    0.94486
    26.831    0.94512
    27.165    0.94536
    27.498    0.94558
    27.831    0.94579
    28.165    0.94599
    28.498    0.94619
    28.831    0.94638
    29.164    0.94657
    29.498    0.94677
    29.831    0.94699
    30.164    0.94721
    30.498    0.94745
    30.831    0.94772
    31.164    0.94801
    31.498    0.94833
    31.831    0.94867
    32.164    0.94902
    32.497    0.94938
    32.831    0.94973
    33.164    0.95008
    33.497    0.95040
    33.831    0.95069
    34.164    0.95094
    34.497    0.95115
    34.831    0.95130
    35.164    0.95139
    35.497    0.95141
    35.830    0.95137
    36.164    0.95127
    36.497    0.95113
    36.830    0.95097
    37.164    0.95078
    37.497    0.95059
    37.830    0.95040
    38.164    0.95022
    38.497    0.95007
    38.830    0.94996
    39.163    0.94989
    39.497    0.94988
    39.830    0.94992
    40.163    0.95000
    40.497    0.95012
    40.830    0.95027
    41.163    0.95045
    41.497    0.95064
    41.830    0.95084
    42.163    0.95105
    42.496    0.95126
    42.830    0.95147
    43.163    0.95166
    43.496    0.95183
    43.830    0.95199
    44.163    0.95213
    44.496    0.95226
    44.830    0.95237
    45.163    0.95247
    45.496    0.95257
    45.829    0.95265
    46.163    0.95273
    46.496    0.95279
    46.829    0.95286
    47.163    0.95291
    47.496    0.95296
    47.829    0.95301
    48.163    0.95306
    48.496    0.95309
    48.829    0.95313
    49.162    0.95315
    49.496    0.95318
    49.829    0.95319
    50.162    0.95320
    50.496    0.95321
    50.829    0.95320
    51.162    0.95320
    51.496    0.95318
    51.829    0.95316
    52.162    0.95313
    52.495    0.95309
    52.829    0.95305
    53.162    0.95300
    53.495    0.95295
    53.829    0.95288
    54.162    0.95282
    54.495    0.95274
    54.829    0.95266
    55.162    0.95257
    55.495    0.95247
    55.828    0.95237
    56.162    0.95226
    56.495    0.95214
    56.828    0.95202
    57.162    0.95190
    57.495    0.95177
    57.828    0.95163
    58.162    0.95150
    58.495    0.95136
    58.828    0.95121
    59.161    0.95107
    59.495    0.95092
    59.828    0.95077
    60.161    0.95062
    60.495    0.95047
    60.828    0.95031
    61.161    0.95016
    61.495    0.95001
    61.828    0.94986
    62.161    0.94971
    62.494    0.94956
    62.828    0.94941
    63.161    0.94925
    63.494    0.94910
    63.828    0.94895
