#     crsv smooth20020
#
     6.500    0.96450
     6.833    0.96460
     7.167    0.96469
     7.500    0.96479
     7.833    0.96489
     8.167    0.96498
     8.500    0.96508
     8.833    0.96518
     9.166    0.96527
     9.500    0.96537
     9.833    0.96547
    10.166    0.96556
    10.500    0.96566
    10.833    0.96576
    11.166    0.96585
    11.500    0.96595
    11.833    0.96605
    12.166    0.96615
    12.499    0.96625
    12.833    0.96635
    13.166    0.96645
    13.499    0.96655
    13.833    0.96665
    14.166    0.96675
    14.499    0.96686
    14.833    0.96696
    15.166    0.96707
    15.499    0.96717
    15.832    0.96728
    16.166    0.96739
    16.499    0.96750
    16.832    0.96760
    17.166    0.96771
    17.499    0.96781
    17.832    0.96792
    18.166    0.96802
    18.499    0.96812
    18.832    0.96821
    19.165    0.96831
    19.499    0.96840
    19.832    0.96849
    20.165    0.96858
    20.499    0.96867
    20.832    0.96876
    21.165    0.96885
    21.499    0.96895
    21.832    0.96905
    22.165    0.96915
    22.498    0.96926
    22.832    0.96938
    23.165    0.96950
    23.498    0.96963
    23.832    0.96977
    24.165    0.96992
    24.498    0.97007
    24.832    0.97022
    25.165    0.97037
    25.498    0.97053
    25.831    0.97068
    26.165    0.97083
    26.498    0.97097
    26.831    0.97110
    27.165    0.97123
    27.498    0.97135
    27.831    0.97147
    28.165    0.97157
    28.498    0.97168
    28.831    0.97179
    29.164    0.97190
    29.498    0.97201
    29.831    0.97213
    30.164    0.97225
    30.498    0.97239
    30.831    0.97254
    31.164    0.97271
    31.498    0.97289
    31.831    0.97308
    32.164    0.97328
    32.497    0.97348
    32.831    0.97368
    33.164    0.97387
    33.497    0.97405
    33.831    0.97421
    34.164    0.97435
    34.497    0.97446
    34.831    0.97455
    35.164    0.97460
    35.497    0.97460
    35.830    0.97458
    36.164    0.97452
    36.497    0.97444
    36.830    0.97434
    37.164    0.97423
    37.497    0.97412
    37.830    0.97400
    38.164    0.97390
    38.497    0.97381
    38.830    0.97374
    39.163    0.97369
    39.497    0.97368
    39.830    0.97370
    40.163    0.97373
    40.497    0.97379
    40.830    0.97387
    41.163    0.97396
    41.497    0.97407
    41.830    0.97418
    42.163    0.97429
    42.496    0.97441
    42.830    0.97452
    43.163    0.97463
    43.496    0.97473
    43.830    0.97482
    44.163    0.97491
    44.496    0.97499
    44.830    0.97506
    45.163    0.97513
    45.496    0.97518
    45.829    0.97524
    46.163    0.97529
    46.496    0.97533
    46.829    0.97537
    47.163    0.97541
    47.496    0.97544
    47.829    0.97547
    48.163    0.97549
    48.496    0.97552
    48.829    0.97553
    49.162    0.97555
    49.496    0.97556
    49.829    0.97558
    50.162    0.97558
    50.496    0.97559
    50.829    0.97560
    51.162    0.97560
    51.496    0.97560
    51.829    0.97561
    52.162    0.97560
    52.495    0.97560
    52.829    0.97559
    53.162    0.97558
    53.495    0.97557
    53.829    0.97555
    54.162    0.97553
    54.495    0.97550
    54.829    0.97547
    55.162    0.97543
    55.495    0.97539
    55.828    0.97534
    56.162    0.97528
    56.495    0.97522
    56.828    0.97516
    57.162    0.97509
    57.495    0.97502
    57.828    0.97494
    58.162    0.97486
    58.495    0.97478
    58.828    0.97469
    59.161    0.97460
    59.495    0.97451
    59.828    0.97442
    60.161    0.97433
    60.495    0.97424
    60.828    0.97415
    61.161    0.97406
    61.495    0.97396
    61.828    0.97387
    62.161    0.97378
    62.494    0.97369
    62.828    0.97360
    63.161    0.97350
    63.494    0.97341
    63.828    0.97332
