#     crsv smooth20010
#
    66.500    1.01592
    66.833    1.01602
    67.167    1.01613
    67.500    1.01623
    67.833    1.01633
    68.166    1.01644
    68.500    1.01654
    68.833    1.01665
    69.166    1.01677
    69.500    1.01690
    69.833    1.01707
    70.166    1.01728
    70.500    1.01753
    70.833    1.01783
    71.166    1.01819
    71.499    1.01863
    71.833    1.01915
    72.166    1.01974
    72.499    1.02040
    72.833    1.02113
    73.166    1.02192
    73.499    1.02278
    73.833    1.02368
    74.166    1.02464
    74.499    1.02561
    74.832    1.02654
    75.166    1.02740
    75.499    1.02811
    75.832    1.02863
    76.166    1.02891
    76.499    1.02896
    76.832    1.02880
    77.166    1.02850
    77.499    1.02809
    77.832    1.02764
    78.166    1.02717
    78.499    1.02675
    78.832    1.02641
    79.165    1.02621
    79.499    1.02619
    79.832    1.02639
    80.165    1.02679
    80.499    1.02734
    80.832    1.02801
    81.165    1.02875
    81.499    1.02952
    81.832    1.03027
    82.165    1.03097
    82.498    1.03157
    82.832    1.03205
    83.165    1.03242
    83.498    1.03268
    83.832    1.03287
    84.165    1.03300
    84.498    1.03308
    84.832    1.03313
    85.165    1.03317
    85.498    1.03321
    85.831    1.03328
    86.165    1.03335
    86.498    1.03342
    86.831    1.03348
    87.165    1.03354
    87.498    1.03356
    87.831    1.03356
    88.165    1.03352
    88.498    1.03343
    88.831    1.03329
    89.164    1.03311
    89.498    1.03288
    89.831    1.03263
    90.164    1.03237
    90.498    1.03211
    90.831    1.03186
    91.164    1.03164
    91.498    1.03145
    91.831    1.03130
    92.164    1.03119
    92.497    1.03112
    92.831    1.03108
    93.164    1.03107
    93.497    1.03108
    93.831    1.03111
    94.164    1.03116
    94.497    1.03122
    94.831    1.03129
    95.164    1.03136
    95.497    1.03145
    95.830    1.03154
    96.164    1.03164
    96.497    1.03175
    96.830    1.03186
    97.164    1.03197
    97.497    1.03209
    97.830    1.03221
    98.164    1.03233
    98.497    1.03245
    98.830    1.03257
    99.163    1.03269
    99.497    1.03281
    99.830    1.03293
   100.163    1.03304
   100.497    1.03315
   100.830    1.03325
   101.163    1.03335
   101.497    1.03344
   101.830    1.03352
   102.163    1.03360
   102.496    1.03366
   102.830    1.03372
   103.163    1.03376
   103.496    1.03380
   103.830    1.03382
   104.163    1.03384
   104.496    1.03387
   104.830    1.03392
   105.163    1.03400
   105.496    1.03412
   105.829    1.03430
   106.163    1.03454
   106.496    1.03485
   106.829    1.03525
   107.163    1.03571
   107.496    1.03621
   107.829    1.03673
   108.163    1.03724
   108.496    1.03772
   108.829    1.03813
   109.162    1.03846
   109.496    1.03869
   109.829    1.03880
   110.162    1.03884
   110.496    1.03881
   110.829    1.03876
   111.162    1.03871
   111.496    1.03868
   111.829    1.03870
   112.162    1.03881
   112.495    1.03902
   112.829    1.03936
   113.162    1.03978
   113.495    1.04027
   113.829    1.04079
   114.162    1.04131
   114.495    1.04178
   114.829    1.04218
   115.162    1.04247
   115.495    1.04262
   115.828    1.04260
   116.162    1.04245
   116.495    1.04217
   116.828    1.04180
   117.162    1.04134
   117.495    1.04083
   117.828    1.04028
   118.162    1.03972
   118.495    1.03917
   118.828    1.03863
   119.161    1.03811
   119.495    1.03760
   119.828    1.03711
   120.161    1.03663
   120.495    1.03616
   120.828    1.03570
   121.161    1.03525
   121.495    1.03481
   121.828    1.03438
   122.161    1.03396
   122.494    1.03354
   122.828    1.03312
   123.161    1.03271
   123.494    1.03231
   123.828    1.03190
   124.161    1.03150
   124.494    1.03110
   124.828    1.03070
   125.161    1.03030
   125.494    1.02989
   125.827    1.02949
