#     crsv smooth20080
#
     6.500    0.66233
     6.833    0.66356
     7.167    0.66479
     7.500    0.66602
     7.833    0.66725
     8.167    0.66848
     8.500    0.66972
     8.833    0.67095
     9.166    0.67218
     9.500    0.67341
     9.833    0.67464
    10.166    0.67587
    10.500    0.67710
    10.833    0.67832
    11.166    0.67953
    11.500    0.68073
    11.833    0.68193
    12.166    0.68310
    12.499    0.68426
    12.833    0.68541
    13.166    0.68653
    13.499    0.68763
    13.833    0.68871
    14.166    0.68976
    14.499    0.69079
    14.833    0.69178
    15.166    0.69274
    15.499    0.69368
    15.832    0.69459
    16.166    0.69547
    16.499    0.69633
    16.832    0.69717
    17.166    0.69800
    17.499    0.69880
    17.832    0.69960
    18.166    0.70038
    18.499    0.70115
    18.832    0.70191
    19.165    0.70266
    19.499    0.70342
    19.832    0.70416
    20.165    0.70491
    20.499    0.70566
    20.832    0.70642
    21.165    0.70718
    21.499    0.70795
    21.832    0.70873
    22.165    0.70953
    22.498    0.71034
    22.832    0.71116
    23.165    0.71201
    23.498    0.71288
    23.832    0.71377
    24.165    0.71467
    24.498    0.71559
    24.832    0.71651
    25.165    0.71743
    25.498    0.71835
    25.831    0.71927
    26.165    0.72018
    26.498    0.72108
    26.831    0.72196
    27.165    0.72282
    27.498    0.72366
    27.831    0.72449
    28.165    0.72530
    28.498    0.72610
    28.831    0.72689
    29.164    0.72768
    29.498    0.72848
    29.831    0.72928
    30.164    0.73009
    30.498    0.73092
    30.831    0.73176
    31.164    0.73263
    31.498    0.73352
    31.831    0.73443
    32.164    0.73536
    32.497    0.73629
    32.831    0.73723
    33.164    0.73816
    33.497    0.73909
    33.831    0.73999
    34.164    0.74088
    34.497    0.74174
    34.831    0.74256
    35.164    0.74335
    35.497    0.74409
    35.830    0.74478
    36.164    0.74542
    36.497    0.74602
    36.830    0.74656
    37.164    0.74704
    37.497    0.74747
    37.830    0.74784
    38.164    0.74815
    38.497    0.74841
    38.830    0.74860
    39.163    0.74872
    39.497    0.74878
    39.830    0.74879
    40.163    0.74876
    40.497    0.74869
    40.830    0.74860
    41.163    0.74849
    41.497    0.74838
    41.830    0.74828
    42.163    0.74819
    42.496    0.74812
    42.830    0.74809
    43.163    0.74811
    43.496    0.74818
    43.830    0.74829
    44.163    0.74844
    44.496    0.74864
    44.830    0.74886
    45.163    0.74912
    45.496    0.74941
    45.829    0.74971
    46.163    0.75004
    46.496    0.75038
    46.829    0.75073
    47.163    0.75108
    47.496    0.75144
    47.829    0.75177
    48.163    0.75207
    48.496    0.75233
    48.829    0.75252
    49.162    0.75262
    49.496    0.75263
    49.829    0.75252
    50.162    0.75229
    50.496    0.75190
    50.829    0.75136
    51.162    0.75063
    51.496    0.74974
    51.829    0.74870
    52.162    0.74754
    52.495    0.74630
    52.829    0.74500
    53.162    0.74368
    53.495    0.74236
    53.829    0.74107
    54.162    0.73984
    54.495    0.73870
    54.829    0.73768
    55.162    0.73681
    55.495    0.73612
    55.828    0.73562
    56.162    0.73531
    56.495    0.73516
    56.828    0.73518
    57.162    0.73533
    57.495    0.73562
    57.828    0.73603
    58.162    0.73655
    58.495    0.73716
    58.828    0.73785
    59.161    0.73862
    59.495    0.73943
    59.828    0.74030
    60.161    0.74119
    60.495    0.74210
    60.828    0.74302
    61.161    0.74393
    61.495    0.74485
    61.828    0.74577
    62.161    0.74668
    62.494    0.74760
    62.828    0.74852
    63.161    0.74943
    63.494    0.75035
    63.828    0.75127
