#     crsv smooth20060
#
    66.500    0.87029
    66.833    0.87088
    67.167    0.87147
    67.500    0.87206
    67.833    0.87265
    68.166    0.87324
    68.500    0.87383
    68.833    0.87440
    69.166    0.87494
    69.500    0.87540
    69.833    0.87576
    70.166    0.87598
    70.500    0.87604
    70.833    0.87590
    71.166    0.87553
    71.499    0.87491
    71.833    0.87401
    72.166    0.87286
    72.499    0.87149
    72.833    0.86997
    73.166    0.86833
    73.499    0.86661
    73.833    0.86487
    74.166    0.86315
    74.499    0.86148
    74.832    0.85992
    75.166    0.85851
    75.499    0.85728
    75.832    0.85628
    76.166    0.85556
    76.499    0.85508
    76.832    0.85479
    77.166    0.85463
    77.499    0.85453
    77.832    0.85441
    78.166    0.85422
    78.499    0.85389
    78.832    0.85334
    79.165    0.85253
    79.499    0.85137
    79.832    0.84982
    80.165    0.84795
    80.499    0.84586
    80.832    0.84366
    81.165    0.84146
    81.499    0.83937
    81.832    0.83748
    82.165    0.83592
    82.498    0.83477
    82.832    0.83411
    83.165    0.83387
    83.498    0.83396
    83.832    0.83430
    84.165    0.83480
    84.498    0.83536
    84.832    0.83592
    85.165    0.83638
    85.498    0.83665
    85.831    0.83669
    86.165    0.83653
    86.498    0.83622
    86.831    0.83580
    87.165    0.83532
    87.498    0.83481
    87.831    0.83432
    88.165    0.83389
    88.498    0.83357
    88.831    0.83339
    89.164    0.83336
    89.498    0.83346
    89.831    0.83367
    90.164    0.83396
    90.498    0.83433
    90.831    0.83474
    91.164    0.83518
    91.498    0.83563
    91.831    0.83608
    92.164    0.83652
    92.497    0.83694
    92.831    0.83735
    93.164    0.83773
    93.497    0.83809
    93.831    0.83841
    94.164    0.83871
    94.497    0.83896
    94.831    0.83917
    95.164    0.83934
    95.497    0.83947
    95.830    0.83955
    96.164    0.83960
    96.497    0.83960
    96.830    0.83956
    97.164    0.83947
    97.497    0.83934
    97.830    0.83917
    98.164    0.83896
    98.497    0.83870
    98.830    0.83840
    99.163    0.83806
    99.497    0.83767
    99.830    0.83724
   100.163    0.83677
   100.497    0.83625
   100.830    0.83568
   101.163    0.83507
   101.497    0.83442
   101.830    0.83372
   102.163    0.83298
   102.496    0.83220
   102.830    0.83136
   103.163    0.83049
   103.496    0.82957
   103.830    0.82860
   104.163    0.82760
   104.496    0.82658
   104.830    0.82556
   105.163    0.82454
   105.496    0.82354
   105.829    0.82258
   106.163    0.82166
   106.496    0.82081
   106.829    0.82002
   107.163    0.81929
   107.496    0.81861
   107.829    0.81794
   108.163    0.81728
   108.496    0.81661
   108.829    0.81590
   109.162    0.81514
   109.496    0.81431
   109.829    0.81342
   110.162    0.81250
   110.496    0.81158
   110.829    0.81070
   111.162    0.80988
   111.496    0.80917
   111.829    0.80860
   112.162    0.80819
   112.495    0.80799
   112.829    0.80801
   113.162    0.80823
   113.495    0.80862
   113.829    0.80914
   114.162    0.80975
   114.495    0.81043
   114.829    0.81114
   115.162    0.81185
   115.495    0.81252
   115.828    0.81313
   116.162    0.81369
   116.495    0.81418
   116.828    0.81463
   117.162    0.81502
   117.495    0.81536
   117.828    0.81566
   118.162    0.81591
   118.495    0.81613
   118.828    0.81632
   119.161    0.81651
   119.495    0.81674
   119.828    0.81701
   120.161    0.81737
   120.495    0.81783
   120.828    0.81843
   121.161    0.81918
   121.495    0.82011
   121.828    0.82126
   122.161    0.82263
   122.494    0.82422
   122.828    0.82599
   123.161    0.82790
   123.494    0.82993
   123.828    0.83205
   124.161    0.83421
   124.494    0.83639
   124.828    0.83857
   125.161    0.84074
   125.494    0.84292
   125.827    0.84510
