#     crsv smooth20070
#
     6.500    0.70929
     6.833    0.71030
     7.167    0.71131
     7.500    0.71232
     7.833    0.71333
     8.167    0.71434
     8.500    0.71535
     8.833    0.71636
     9.166    0.71737
     9.500    0.71838
     9.833    0.71939
    10.166    0.72040
    10.500    0.72141
    10.833    0.72241
    11.166    0.72341
    11.500    0.72441
    11.833    0.72539
    12.166    0.72638
    12.499    0.72735
    12.833    0.72831
    13.166    0.72926
    13.499    0.73020
    13.833    0.73113
    14.166    0.73204
    14.499    0.73293
    14.833    0.73381
    15.166    0.73468
    15.499    0.73552
    15.832    0.73635
    16.166    0.73717
    16.499    0.73797
    16.832    0.73875
    17.166    0.73952
    17.499    0.74028
    17.832    0.74102
    18.166    0.74175
    18.499    0.74246
    18.832    0.74317
    19.165    0.74386
    19.499    0.74454
    19.832    0.74521
    20.165    0.74588
    20.499    0.74654
    20.832    0.74720
    21.165    0.74787
    21.499    0.74854
    21.832    0.74923
    22.165    0.74992
    22.498    0.75063
    22.832    0.75136
    23.165    0.75211
    23.498    0.75288
    23.832    0.75368
    24.165    0.75449
    24.498    0.75531
    24.832    0.75614
    25.165    0.75697
    25.498    0.75780
    25.831    0.75863
    26.165    0.75944
    26.498    0.76025
    26.831    0.76103
    27.165    0.76180
    27.498    0.76254
    27.831    0.76326
    28.165    0.76396
    28.498    0.76466
    28.831    0.76535
    29.164    0.76604
    29.498    0.76673
    29.831    0.76743
    30.164    0.76815
    30.498    0.76888
    30.831    0.76964
    31.164    0.77043
    31.498    0.77124
    31.831    0.77208
    32.164    0.77294
    32.497    0.77380
    32.831    0.77467
    33.164    0.77553
    33.497    0.77637
    33.831    0.77719
    34.164    0.77798
    34.497    0.77873
    34.831    0.77943
    35.164    0.78008
    35.497    0.78066
    35.830    0.78119
    36.164    0.78166
    36.497    0.78207
    36.830    0.78243
    37.164    0.78273
    37.497    0.78300
    37.830    0.78322
    38.164    0.78339
    38.497    0.78353
    38.830    0.78364
    39.163    0.78371
    39.497    0.78376
    39.830    0.78378
    40.163    0.78379
    40.497    0.78378
    40.830    0.78377
    41.163    0.78375
    41.497    0.78374
    41.830    0.78374
    42.163    0.78375
    42.496    0.78379
    42.830    0.78384
    43.163    0.78393
    43.496    0.78405
    43.830    0.78420
    44.163    0.78438
    44.496    0.78458
    44.830    0.78481
    45.163    0.78505
    45.496    0.78531
    45.829    0.78559
    46.163    0.78588
    46.496    0.78617
    46.829    0.78647
    47.163    0.78677
    47.496    0.78707
    47.829    0.78735
    48.163    0.78760
    48.496    0.78782
    48.829    0.78798
    49.162    0.78807
    49.496    0.78808
    49.829    0.78800
    50.162    0.78782
    50.496    0.78752
    50.829    0.78708
    51.162    0.78651
    51.496    0.78579
    51.829    0.78496
    52.162    0.78404
    52.495    0.78305
    52.829    0.78200
    53.162    0.78094
    53.495    0.77987
    53.829    0.77883
    54.162    0.77783
    54.495    0.77690
    54.829    0.77606
    55.162    0.77533
    55.495    0.77474
    55.828    0.77431
    56.162    0.77401
    56.495    0.77384
    56.828    0.77379
    57.162    0.77386
    57.495    0.77403
    57.828    0.77429
    58.162    0.77463
    58.495    0.77505
    58.828    0.77552
    59.161    0.77605
    59.495    0.77663
    59.828    0.77724
    60.161    0.77787
    60.495    0.77852
    60.828    0.77917
    61.161    0.77982
    61.495    0.78047
    61.828    0.78112
    62.161    0.78177
    62.494    0.78242
    62.828    0.78307
    63.161    0.78372
    63.494    0.78437
    63.828    0.78502
