#     crsv smooth20030
#
    66.500    0.95658
    66.833    0.95687
    67.167    0.95716
    67.500    0.95744
    67.833    0.95773
    68.166    0.95802
    68.500    0.95831
    68.833    0.95859
    69.166    0.95884
    69.500    0.95903
    69.833    0.95914
    70.166    0.95915
    70.500    0.95904
    70.833    0.95877
    71.166    0.95834
    71.499    0.95771
    71.833    0.95686
    72.166    0.95583
    72.499    0.95462
    72.833    0.95329
    73.166    0.95185
    73.499    0.95034
    73.833    0.94879
    74.166    0.94723
    74.499    0.94572
    74.832    0.94430
    75.166    0.94306
    75.499    0.94204
    75.832    0.94132
    76.166    0.94096
    76.499    0.94094
    76.832    0.94120
    77.166    0.94165
    77.499    0.94223
    77.832    0.94285
    78.166    0.94344
    78.499    0.94392
    78.832    0.94422
    79.165    0.94426
    79.499    0.94396
    79.832    0.94327
    80.165    0.94224
    80.499    0.94096
    80.832    0.93951
    81.165    0.93798
    81.499    0.93647
    81.832    0.93505
    82.165    0.93383
    82.498    0.93289
    82.832    0.93228
    83.165    0.93197
    83.498    0.93189
    83.832    0.93198
    84.165    0.93220
    84.498    0.93248
    84.832    0.93276
    85.165    0.93299
    85.498    0.93312
    85.831    0.93311
    86.165    0.93299
    86.498    0.93279
    86.831    0.93256
    87.165    0.93231
    87.498    0.93210
    87.831    0.93194
    88.165    0.93188
    88.498    0.93195
    88.831    0.93218
    89.164    0.93255
    89.498    0.93303
    89.831    0.93358
    90.164    0.93415
    90.498    0.93472
    90.831    0.93524
    91.164    0.93567
    91.498    0.93598
    91.831    0.93614
    92.164    0.93619
    92.497    0.93615
    92.831    0.93604
    93.164    0.93590
    93.497    0.93575
    93.831    0.93561
    94.164    0.93552
    94.497    0.93550
    94.831    0.93557
    95.164    0.93571
    95.497    0.93593
    95.830    0.93620
    96.164    0.93652
    96.497    0.93688
    96.830    0.93727
    97.164    0.93768
    97.497    0.93810
    97.830    0.93852
    98.164    0.93893
    98.497    0.93931
    98.830    0.93967
    99.163    0.93999
    99.497    0.94025
    99.830    0.94046
   100.163    0.94059
   100.497    0.94065
   100.830    0.94061
   101.163    0.94047
   101.497    0.94023
   101.830    0.93986
   102.163    0.93937
   102.496    0.93873
   102.830    0.93794
   103.163    0.93700
   103.496    0.93588
   103.830    0.93460
   104.163    0.93318
   104.496    0.93167
   104.830    0.93014
   105.163    0.92862
   105.496    0.92716
   105.829    0.92583
   106.163    0.92466
   106.496    0.92370
   106.829    0.92301
   107.163    0.92254
   107.496    0.92225
   107.829    0.92208
   108.163    0.92198
   108.496    0.92190
   108.829    0.92178
   109.162    0.92157
   109.496    0.92122
   109.829    0.92072
   110.162    0.92010
   110.496    0.91941
   110.829    0.91866
   111.162    0.91792
   111.496    0.91720
   111.829    0.91654
   112.162    0.91599
   112.495    0.91557
   112.829    0.91532
   113.162    0.91522
   113.495    0.91524
   113.829    0.91537
   114.162    0.91559
   114.495    0.91587
   114.829    0.91619
   115.162    0.91652
   115.495    0.91686
   115.828    0.91718
   116.162    0.91749
   116.495    0.91781
   116.828    0.91812
   117.162    0.91845
   117.495    0.91881
   117.828    0.91919
   118.162    0.91962
   118.495    0.92009
   118.828    0.92061
   119.161    0.92117
   119.495    0.92177
   119.828    0.92240
   120.161    0.92306
   120.495    0.92374
   120.828    0.92443
   121.161    0.92514
   121.495    0.92585
   121.828    0.92657
   122.161    0.92727
   122.494    0.92798
   122.828    0.92868
   123.161    0.92938
   123.494    0.93007
   123.828    0.93076
   124.161    0.93145
   124.494    0.93214
   124.828    0.93283
   125.161    0.93353
   125.494    0.93422
   125.827    0.93491
