#     crsv smooth20020
#
    66.500    0.98593
    66.833    0.98604
    67.167    0.98614
    67.500    0.98624
    67.833    0.98634
    68.166    0.98644
    68.500    0.98654
    68.833    0.98663
    69.166    0.98671
    69.500    0.98677
    69.833    0.98678
    70.166    0.98674
    70.500    0.98664
    70.833    0.98647
    71.166    0.98621
    71.499    0.98586
    71.833    0.98540
    72.166    0.98485
    72.499    0.98422
    72.833    0.98355
    73.166    0.98284
    73.499    0.98212
    73.833    0.98141
    74.166    0.98072
    74.499    0.98009
    74.832    0.97952
    75.166    0.97903
    75.499    0.97864
    75.832    0.97838
    76.166    0.97825
    76.499    0.97826
    76.832    0.97837
    77.166    0.97855
    77.499    0.97878
    77.832    0.97903
    78.166    0.97927
    78.499    0.97946
    78.832    0.97959
    79.165    0.97962
    79.499    0.97952
    79.832    0.97928
    80.165    0.97890
    80.499    0.97842
    80.832    0.97789
    81.165    0.97731
    81.499    0.97674
    81.832    0.97620
    82.165    0.97573
    82.498    0.97536
    82.832    0.97510
    83.165    0.97495
    83.498    0.97488
    83.832    0.97487
    84.165    0.97491
    84.498    0.97497
    84.832    0.97504
    85.165    0.97509
    85.498    0.97510
    85.831    0.97507
    86.165    0.97500
    86.498    0.97491
    86.831    0.97480
    87.165    0.97470
    87.498    0.97462
    87.831    0.97456
    88.165    0.97454
    88.498    0.97458
    88.831    0.97468
    89.164    0.97483
    89.498    0.97503
    89.831    0.97525
    90.164    0.97547
    90.498    0.97569
    90.831    0.97588
    91.164    0.97603
    91.498    0.97612
    91.831    0.97614
    92.164    0.97611
    92.497    0.97604
    92.831    0.97594
    93.164    0.97583
    93.497    0.97571
    93.831    0.97561
    94.164    0.97553
    94.497    0.97549
    94.831    0.97550
    95.164    0.97555
    95.497    0.97563
    95.830    0.97575
    96.164    0.97590
    96.497    0.97606
    96.830    0.97625
    97.164    0.97645
    97.497    0.97665
    97.830    0.97686
    98.164    0.97707
    98.497    0.97727
    98.830    0.97746
    99.163    0.97764
    99.497    0.97779
    99.830    0.97792
   100.163    0.97802
   100.497    0.97808
   100.830    0.97810
   101.163    0.97808
   101.497    0.97800
   101.830    0.97787
   102.163    0.97768
   102.496    0.97743
   102.830    0.97711
   103.163    0.97671
   103.496    0.97624
   103.830    0.97568
   104.163    0.97506
   104.496    0.97440
   104.830    0.97373
   105.163    0.97306
   105.496    0.97243
   105.829    0.97185
   106.163    0.97135
   106.496    0.97094
   106.829    0.97066
   107.163    0.97049
   107.496    0.97040
   107.829    0.97037
   108.163    0.97038
   108.496    0.97041
   108.829    0.97043
   109.162    0.97042
   109.496    0.97037
   109.829    0.97025
   110.162    0.97009
   110.496    0.96990
   110.829    0.96968
   111.162    0.96945
   111.496    0.96923
   111.829    0.96902
   112.162    0.96884
   112.495    0.96869
   112.829    0.96859
   113.162    0.96854
   113.495    0.96852
   113.829    0.96854
   114.162    0.96858
   114.495    0.96865
   114.829    0.96873
   115.162    0.96882
   115.495    0.96892
   115.828    0.96902
   116.162    0.96912
   116.495    0.96924
   116.828    0.96936
   117.162    0.96950
   117.495    0.96965
   117.828    0.96982
   118.162    0.97002
   118.495    0.97024
   118.828    0.97048
   119.161    0.97074
   119.495    0.97102
   119.828    0.97131
   120.161    0.97161
   120.495    0.97192
   120.828    0.97223
   121.161    0.97254
   121.495    0.97285
   121.828    0.97315
   122.161    0.97343
   122.494    0.97371
   122.828    0.97397
   123.161    0.97423
   123.494    0.97448
   123.828    0.97473
   124.161    0.97498
   124.494    0.97522
   124.828    0.97547
   125.161    0.97571
   125.494    0.97596
   125.827    0.97620
