#     crsv smooth20040
#
   128.500    0.90230
   128.833    0.90152
   129.167    0.90074
   129.500    0.89996
   129.833    0.89918
   130.167    0.89840
   130.500    0.89763
   130.833    0.89685
   131.166    0.89607
   131.500    0.89529
   131.833    0.89451
   132.166    0.89373
   132.500    0.89295
   132.833    0.89217
   133.166    0.89139
   133.500    0.89061
   133.833    0.88983
   134.166    0.88906
   134.499    0.88829
   134.833    0.88753
   135.166    0.88679
   135.499    0.88607
   135.833    0.88539
   136.166    0.88474
   136.499    0.88413
   136.833    0.88358
   137.166    0.88307
   137.499    0.88263
   137.832    0.88226
   138.166    0.88196
   138.499    0.88174
   138.832    0.88160
   139.166    0.88155
   139.499    0.88160
   139.832    0.88176
   140.166    0.88201
   140.499    0.88236
   140.832    0.88279
   141.165    0.88328
   141.499    0.88383
   141.832    0.88442
   142.165    0.88503
   142.499    0.88567
   142.832    0.88631
   143.165    0.88694
   143.499    0.88755
   143.832    0.88813
   144.165    0.88866
   144.498    0.88914
   144.832    0.88957
   145.165    0.88995
   145.498    0.89029
   145.832    0.89060
   146.165    0.89087
   146.498    0.89111
   146.832    0.89133
   147.165    0.89153
   147.498    0.89172
   147.831    0.89189
   148.165    0.89206
   148.498    0.89223
   148.831    0.89240
   149.165    0.89258
   149.498    0.89276
   149.831    0.89296
   150.165    0.89317
   150.498    0.89340
   150.831    0.89366
   151.164    0.89394
   151.498    0.89425
   151.831    0.89459
   152.164    0.89497
   152.498    0.89539
   152.831    0.89584
   153.164    0.89630
   153.498    0.89678
   153.831    0.89727
   154.164    0.89776
   154.497    0.89824
   154.831    0.89871
   155.164    0.89916
   155.497    0.89959
   155.831    0.89998
   156.164    0.90033
   156.497    0.90063
   156.831    0.90089
   157.164    0.90110
   157.497    0.90127
   157.830    0.90139
   158.164    0.90147
   158.497    0.90150
   158.830    0.90149
   159.164    0.90144
   159.497    0.90134
   159.830    0.90119
   160.163    0.90101
   160.497    0.90078
   160.830    0.90051
   161.163    0.90022
   161.497    0.89991
   161.830    0.89958
   162.163    0.89923
   162.497    0.89889
   162.830    0.89855
   163.163    0.89821
   163.496    0.89789
   163.830    0.89759
   164.163    0.89732
   164.496    0.89707
   164.830    0.89684
   165.163    0.89664
   165.496    0.89645
   165.830    0.89629
   166.163    0.89613
   166.496    0.89600
   166.830    0.89587
   167.163    0.89576
   167.496    0.89565
   167.829    0.89555
   168.163    0.89546
   168.496    0.89536
   168.829    0.89527
   169.163    0.89516
   169.496    0.89505
   169.829    0.89492
   170.163    0.89476
   170.496    0.89458
   170.829    0.89437
   171.162    0.89413
   171.496    0.89385
   171.829    0.89352
   172.162    0.89314
   172.496    0.89272
   172.829    0.89227
   173.162    0.89179
   173.496    0.89132
   173.829    0.89085
   174.162    0.89042
   174.495    0.89001
   174.829    0.88967
   175.162    0.88939
   175.495    0.88919
   175.829    0.88907
   176.162    0.88903
   176.495    0.88903
   176.829    0.88906
   177.162    0.88909
   177.495    0.88910
   177.828    0.88907
   178.162    0.88898
   178.495    0.88879
   178.828    0.88851
   179.162    0.88813
   179.495    0.88769
   179.828    0.88719
   180.162    0.88667
   180.495    0.88613
   180.828    0.88560
   181.161    0.88510
   181.495    0.88464
   181.828    0.88424
   182.161    0.88390
   182.495    0.88361
   182.828    0.88336
   183.161    0.88314
   183.495    0.88295
   183.828    0.88278
   184.161    0.88262
   184.494    0.88246
   184.828    0.88231
   185.161    0.88216
   185.494    0.88200
   185.828    0.88185
   186.161    0.88170
