#     crsv smooth20040
#
     6.500    0.85214
     6.833    0.85257
     7.167    0.85299
     7.500    0.85342
     7.833    0.85384
     8.167    0.85427
     8.500    0.85469
     8.833    0.85512
     9.166    0.85554
     9.500    0.85597
     9.833    0.85639
    10.166    0.85682
    10.500    0.85724
    10.833    0.85767
    11.166    0.85810
    11.500    0.85853
    11.833    0.85896
    12.166    0.85940
    12.499    0.85984
    12.833    0.86029
    13.166    0.86074
    13.499    0.86120
    13.833    0.86166
    14.166    0.86213
    14.499    0.86260
    14.833    0.86308
    15.166    0.86357
    15.499    0.86407
    15.832    0.86456
    16.166    0.86506
    16.499    0.86555
    16.832    0.86605
    17.166    0.86653
    17.499    0.86701
    17.832    0.86748
    18.166    0.86794
    18.499    0.86839
    18.832    0.86882
    19.165    0.86923
    19.499    0.86963
    19.832    0.87001
    20.165    0.87039
    20.499    0.87075
    20.832    0.87111
    21.165    0.87148
    21.499    0.87185
    21.832    0.87223
    22.165    0.87262
    22.498    0.87302
    22.832    0.87345
    23.165    0.87391
    23.498    0.87439
    23.832    0.87489
    24.165    0.87541
    24.498    0.87595
    24.832    0.87649
    25.165    0.87704
    25.498    0.87759
    25.831    0.87813
    26.165    0.87865
    26.498    0.87916
    26.831    0.87965
    27.165    0.88012
    27.498    0.88055
    27.831    0.88096
    28.165    0.88136
    28.498    0.88174
    28.831    0.88212
    29.164    0.88250
    29.498    0.88289
    29.831    0.88328
    30.164    0.88370
    30.498    0.88414
    30.831    0.88461
    31.164    0.88512
    31.498    0.88566
    31.831    0.88624
    32.164    0.88683
    32.497    0.88743
    32.831    0.88803
    33.164    0.88861
    33.497    0.88917
    33.831    0.88969
    34.164    0.89016
    34.497    0.89057
    34.831    0.89091
    35.164    0.89116
    35.497    0.89132
    35.830    0.89140
    36.164    0.89141
    36.497    0.89135
    36.830    0.89125
    37.164    0.89112
    37.497    0.89097
    37.830    0.89081
    38.164    0.89066
    38.497    0.89053
    38.830    0.89044
    39.163    0.89039
    39.497    0.89040
    39.830    0.89046
    40.163    0.89057
    40.497    0.89071
    40.830    0.89089
    41.163    0.89110
    41.497    0.89132
    41.830    0.89157
    42.163    0.89182
    42.496    0.89207
    42.830    0.89233
    43.163    0.89257
    43.496    0.89281
    43.830    0.89303
    44.163    0.89324
    44.496    0.89344
    44.830    0.89363
    45.163    0.89381
    45.496    0.89398
    45.829    0.89415
    46.163    0.89430
    46.496    0.89445
    46.829    0.89460
    47.163    0.89473
    47.496    0.89486
    47.829    0.89498
    48.163    0.89508
    48.496    0.89517
    48.829    0.89524
    49.162    0.89529
    49.496    0.89531
    49.829    0.89531
    50.162    0.89527
    50.496    0.89519
    50.829    0.89508
    51.162    0.89492
    51.496    0.89472
    51.829    0.89449
    52.162    0.89423
    52.495    0.89394
    52.829    0.89364
    53.162    0.89332
    53.495    0.89299
    53.829    0.89265
    54.162    0.89232
    54.495    0.89200
    54.829    0.89169
    55.162    0.89139
    55.495    0.89112
    55.828    0.89088
    56.162    0.89066
    56.495    0.89047
    56.828    0.89030
    57.162    0.89014
    57.495    0.89001
    57.828    0.88989
    58.162    0.88979
    58.495    0.88969
    58.828    0.88961
    59.161    0.88954
    59.495    0.88948
    59.828    0.88942
    60.161    0.88937
    60.495    0.88932
    60.828    0.88927
    61.161    0.88922
    61.495    0.88917
    61.828    0.88912
    62.161    0.88908
    62.494    0.88903
    62.828    0.88898
    63.161    0.88893
    63.494    0.88888
    63.828    0.88883
