#     crsv smooth20025
#
    66.500    0.97119
    66.833    0.97138
    67.167    0.97158
    67.500    0.97178
    67.833    0.97198
    68.166    0.97218
    68.500    0.97238
    68.833    0.97257
    69.166    0.97273
    69.500    0.97285
    69.833    0.97291
    70.166    0.97288
    70.500    0.97276
    70.833    0.97251
    71.166    0.97213
    71.499    0.97159
    71.833    0.97088
    72.166    0.97002
    72.499    0.96903
    72.833    0.96794
    73.166    0.96677
    73.499    0.96557
    73.833    0.96434
    74.166    0.96313
    74.499    0.96196
    74.832    0.96089
    75.166    0.95995
    75.499    0.95919
    75.832    0.95866
    76.166    0.95840
    76.499    0.95840
    76.832    0.95860
    77.166    0.95895
    77.499    0.95940
    77.832    0.95988
    78.166    0.96034
    78.499    0.96072
    78.832    0.96097
    79.165    0.96103
    79.499    0.96084
    79.832    0.96036
    80.165    0.95963
    80.499    0.95871
    80.832    0.95766
    81.165    0.95656
    81.499    0.95546
    81.832    0.95442
    82.165    0.95352
    82.498    0.95282
    82.832    0.95235
    83.165    0.95209
    83.498    0.95200
    83.832    0.95204
    84.165    0.95216
    84.498    0.95233
    84.832    0.95250
    85.165    0.95264
    85.498    0.95271
    85.831    0.95268
    86.165    0.95257
    86.498    0.95242
    86.831    0.95224
    87.165    0.95207
    87.498    0.95192
    87.831    0.95181
    88.165    0.95179
    88.498    0.95186
    88.831    0.95205
    89.164    0.95235
    89.498    0.95273
    89.831    0.95316
    90.164    0.95361
    90.498    0.95404
    90.831    0.95443
    91.164    0.95474
    91.498    0.95495
    91.831    0.95504
    92.164    0.95504
    92.497    0.95496
    92.831    0.95482
    93.164    0.95466
    93.497    0.95450
    93.831    0.95435
    94.164    0.95424
    94.497    0.95420
    94.831    0.95423
    95.164    0.95433
    95.497    0.95449
    95.830    0.95470
    96.164    0.95496
    96.497    0.95526
    96.830    0.95558
    97.164    0.95592
    97.497    0.95628
    97.830    0.95663
    98.164    0.95698
    98.497    0.95732
    98.830    0.95764
    99.163    0.95792
    99.497    0.95817
    99.830    0.95837
   100.163    0.95851
   100.497    0.95859
   100.830    0.95860
   101.163    0.95853
   101.497    0.95837
   101.830    0.95811
   102.163    0.95774
   102.496    0.95727
   102.830    0.95667
   103.163    0.95594
   103.496    0.95507
   103.830    0.95406
   104.163    0.95294
   104.496    0.95175
   104.830    0.95053
   105.163    0.94933
   105.496    0.94818
   105.829    0.94713
   106.163    0.94622
   106.496    0.94548
   106.829    0.94495
   107.163    0.94462
   107.496    0.94442
   107.829    0.94434
   108.163    0.94431
   108.496    0.94431
   108.829    0.94428
   109.162    0.94419
   109.496    0.94400
   109.829    0.94369
   110.162    0.94329
   110.496    0.94283
   110.829    0.94233
   111.162    0.94182
   111.496    0.94132
   111.829    0.94087
   112.162    0.94048
   112.495    0.94018
   112.829    0.93999
   113.162    0.93991
   113.495    0.93991
   113.829    0.93998
   114.162    0.94011
   114.495    0.94029
   114.829    0.94049
   115.162    0.94072
   115.495    0.94094
   115.828    0.94116
   116.162    0.94137
   116.495    0.94159
   116.828    0.94182
   117.162    0.94206
   117.495    0.94233
   117.828    0.94263
   118.162    0.94296
   118.495    0.94333
   118.828    0.94374
   119.161    0.94419
   119.495    0.94467
   119.828    0.94517
   120.161    0.94570
   120.495    0.94623
   120.828    0.94677
   121.161    0.94732
   121.495    0.94786
   121.828    0.94840
   122.161    0.94892
   122.494    0.94943
   122.828    0.94993
   123.161    0.95042
   123.494    0.95091
   123.828    0.95139
   124.161    0.95186
   124.494    0.95234
   124.828    0.95281
   125.161    0.95329
   125.494    0.95376
   125.827    0.95424
