#     crsv smooth20004
#
    66.500    1.04410
    66.833    1.04449
    67.167    1.04489
    67.500    1.04528
    67.833    1.04567
    68.166    1.04606
    68.500    1.04645
    68.833    1.04686
    69.166    1.04731
    69.500    1.04783
    69.833    1.04846
    70.166    1.04923
    70.500    1.05018
    70.833    1.05132
    71.166    1.05270
    71.499    1.05434
    71.833    1.05627
    72.166    1.05842
    72.499    1.06070
    72.833    1.06301
    73.166    1.06525
    73.499    1.06735
    73.833    1.06919
    74.166    1.07069
    74.499    1.07185
    74.832    1.07273
    75.166    1.07339
    75.499    1.07392
    75.832    1.07438
    76.166    1.07484
    76.499    1.07532
    76.832    1.07583
    77.166    1.07635
    77.499    1.07687
    77.832    1.07740
    78.166    1.07791
    78.499    1.07841
    78.832    1.07889
    79.165    1.07934
    79.499    1.07975
    79.832    1.08012
    80.165    1.08046
    80.499    1.08079
    80.832    1.08112
    81.165    1.08146
    81.499    1.08185
    81.832    1.08229
    82.165    1.08279
    82.498    1.08339
    82.832    1.08407
    83.165    1.08483
    83.498    1.08564
    83.832    1.08647
    84.165    1.08730
    84.498    1.08811
    84.832    1.08887
    85.165    1.08955
    85.498    1.09014
    85.831    1.09061
    86.165    1.09100
    86.498    1.09130
    86.831    1.09155
    87.165    1.09176
    87.498    1.09194
    87.831    1.09212
    88.165    1.09231
    88.498    1.09253
    88.831    1.09280
    89.164    1.09312
    89.498    1.09348
    89.831    1.09390
    90.164    1.09436
    90.498    1.09486
    90.831    1.09540
    91.164    1.09597
    91.498    1.09658
    91.831    1.09722
    92.164    1.09788
    92.497    1.09855
    92.831    1.09923
    93.164    1.09990
    93.497    1.10055
    93.831    1.10118
    94.164    1.10178
    94.497    1.10233
    94.831    1.10284
    95.164    1.10331
    95.497    1.10373
    95.830    1.10411
    96.164    1.10446
    96.497    1.10477
    96.830    1.10505
    97.164    1.10530
    97.497    1.10552
    97.830    1.10572
    98.164    1.10590
    98.497    1.10606
    98.830    1.10620
    99.163    1.10633
    99.497    1.10645
    99.830    1.10656
   100.163    1.10667
   100.497    1.10677
   100.830    1.10687
   101.163    1.10698
   101.497    1.10708
   101.830    1.10720
   102.163    1.10733
   102.496    1.10747
   102.830    1.10762
   103.163    1.10779
   103.496    1.10799
   103.830    1.10820
   104.163    1.10842
   104.496    1.10864
   104.830    1.10885
   105.163    1.10902
   105.496    1.10915
   105.829    1.10922
   106.163    1.10921
   106.496    1.10912
   106.829    1.10893
   107.163    1.10865
   107.496    1.10829
   107.829    1.10787
   108.163    1.10740
   108.496    1.10688
   108.829    1.10635
   109.162    1.10580
   109.496    1.10525
   109.829    1.10472
   110.162    1.10421
   110.496    1.10373
   110.829    1.10330
   111.162    1.10293
   111.496    1.10262
   111.829    1.10239
   112.162    1.10224
   112.495    1.10220
   112.829    1.10226
   113.162    1.10240
   113.495    1.10260
   113.829    1.10284
   114.162    1.10310
   114.495    1.10334
   114.829    1.10356
   115.162    1.10372
   115.495    1.10381
   115.828    1.10380
   116.162    1.10370
   116.495    1.10350
   116.828    1.10319
   117.162    1.10278
   117.495    1.10227
   117.828    1.10165
   118.162    1.10092
   118.495    1.10008
   118.828    1.09913
   119.161    1.09810
   119.495    1.09700
   119.828    1.09585
   120.161    1.09466
   120.495    1.09345
   120.828    1.09223
   121.161    1.09102
   121.495    1.08984
   121.828    1.08871
   122.161    1.08763
   122.494    1.08661
   122.828    1.08563
   123.161    1.08470
   123.494    1.08379
   123.828    1.08291
   124.161    1.08204
   124.494    1.08117
   124.828    1.08030
   125.161    1.07943
   125.494    1.07857
   125.827    1.07770
