#     crsv smooth20070
#
    66.500    0.84171
    66.833    0.84238
    67.167    0.84306
    67.500    0.84373
    67.833    0.84441
    68.166    0.84509
    68.500    0.84576
    68.833    0.84642
    69.166    0.84704
    69.500    0.84757
    69.833    0.84800
    70.166    0.84828
    70.500    0.84839
    70.833    0.84828
    71.166    0.84794
    71.499    0.84731
    71.833    0.84639
    72.166    0.84521
    72.499    0.84382
    72.833    0.84230
    73.166    0.84069
    73.499    0.83907
    73.833    0.83748
    74.166    0.83599
    74.499    0.83462
    74.832    0.83337
    75.166    0.83225
    75.499    0.83126
    75.832    0.83038
    76.166    0.82962
    76.499    0.82896
    76.832    0.82836
    77.166    0.82778
    77.499    0.82719
    77.832    0.82654
    78.166    0.82580
    78.499    0.82492
    78.832    0.82387
    79.165    0.82261
    79.499    0.82110
    79.832    0.81932
    80.165    0.81732
    80.499    0.81520
    80.832    0.81304
    81.165    0.81093
    81.499    0.80896
    81.832    0.80722
    82.165    0.80580
    82.498    0.80479
    82.832    0.80423
    83.165    0.80406
    83.498    0.80420
    83.832    0.80456
    84.165    0.80506
    84.498    0.80562
    84.832    0.80616
    85.165    0.80660
    85.498    0.80684
    85.831    0.80685
    86.165    0.80666
    86.498    0.80631
    86.831    0.80583
    87.165    0.80526
    87.498    0.80465
    87.831    0.80403
    88.165    0.80345
    88.498    0.80293
    88.831    0.80252
    89.164    0.80223
    89.498    0.80205
    89.831    0.80198
    90.164    0.80201
    90.498    0.80215
    90.831    0.80239
    91.164    0.80271
    91.498    0.80313
    91.831    0.80363
    92.164    0.80419
    92.497    0.80478
    92.831    0.80539
    93.164    0.80599
    93.497    0.80656
    93.831    0.80708
    94.164    0.80753
    94.497    0.80788
    94.831    0.80812
    95.164    0.80826
    95.497    0.80829
    95.830    0.80824
    96.164    0.80810
    96.497    0.80787
    96.830    0.80757
    97.164    0.80720
    97.497    0.80677
    97.830    0.80627
    98.164    0.80573
    98.497    0.80513
    98.830    0.80450
    99.163    0.80383
    99.497    0.80313
    99.830    0.80241
   100.163    0.80167
   100.497    0.80091
   100.830    0.80016
   101.163    0.79939
   101.497    0.79864
   101.830    0.79790
   102.163    0.79717
   102.496    0.79646
   102.830    0.79579
   103.163    0.79514
   103.496    0.79454
   103.830    0.79398
   104.163    0.79346
   104.496    0.79295
   104.830    0.79246
   105.163    0.79196
   105.496    0.79145
   105.829    0.79090
   106.163    0.79032
   106.496    0.78969
   106.829    0.78899
   107.163    0.78823
   107.496    0.78743
   107.829    0.78660
   108.163    0.78576
   108.496    0.78490
   108.829    0.78406
   109.162    0.78324
   109.496    0.78244
   109.829    0.78170
   110.162    0.78102
   110.496    0.78040
   110.829    0.77988
   111.162    0.77945
   111.496    0.77914
   111.829    0.77895
   112.162    0.77891
   112.495    0.77901
   112.829    0.77928
   113.162    0.77968
   113.495    0.78020
   113.829    0.78080
   114.162    0.78146
   114.495    0.78216
   114.829    0.78287
   115.162    0.78356
   115.495    0.78422
   115.828    0.78481
   116.162    0.78534
   116.495    0.78579
   116.828    0.78618
   117.162    0.78648
   117.495    0.78671
   117.828    0.78685
   118.162    0.78690
   118.495    0.78687
   118.828    0.78676
   119.161    0.78663
   119.495    0.78652
   119.828    0.78646
   120.161    0.78651
   120.495    0.78670
   120.828    0.78707
   121.161    0.78768
   121.495    0.78855
   121.828    0.78974
   122.161    0.79127
   122.494    0.79313
   122.828    0.79526
   123.161    0.79761
   123.494    0.80014
   123.828    0.80279
   124.161    0.80552
   124.494    0.80827
   124.828    0.81103
   125.161    0.81378
   125.494    0.81653
   125.827    0.81929
