#     crsv smooth20120
#
    66.500    0.69791
    66.833    0.69908
    67.167    0.70026
    67.500    0.70143
    67.833    0.70260
    68.166    0.70378
    68.500    0.70495
    68.833    0.70611
    69.166    0.70720
    69.500    0.70819
    69.833    0.70903
    70.166    0.70967
    70.500    0.71008
    70.833    0.71020
    71.166    0.70999
    71.499    0.70941
    71.833    0.70844
    72.166    0.70717
    72.499    0.70573
    72.833    0.70427
    73.166    0.70292
    73.499    0.70183
    73.833    0.70114
    74.166    0.70098
    74.499    0.70127
    74.832    0.70180
    75.166    0.70233
    75.499    0.70262
    75.832    0.70243
    76.166    0.70154
    76.499    0.69989
    76.832    0.69760
    77.166    0.69479
    77.499    0.69156
    77.832    0.68804
    78.166    0.68435
    78.499    0.68060
    78.832    0.67690
    79.165    0.67339
    79.499    0.67016
    79.832    0.66734
    80.165    0.66491
    80.499    0.66287
    80.832    0.66119
    81.165    0.65983
    81.499    0.65879
    81.832    0.65803
    82.165    0.65754
    82.498    0.65728
    82.832    0.65723
    83.165    0.65734
    83.498    0.65758
    83.832    0.65789
    84.165    0.65823
    84.498    0.65856
    84.832    0.65882
    85.165    0.65898
    85.498    0.65898
    85.831    0.65881
    86.165    0.65845
    86.498    0.65792
    86.831    0.65721
    87.165    0.65634
    87.498    0.65530
    87.831    0.65411
    88.165    0.65276
    88.498    0.65126
    88.831    0.64962
    89.164    0.64790
    89.498    0.64618
    89.831    0.64455
    90.164    0.64311
    90.498    0.64194
    90.831    0.64112
    91.164    0.64075
    91.498    0.64091
    91.831    0.64161
    92.164    0.64276
    92.497    0.64422
    92.831    0.64589
    93.164    0.64764
    93.497    0.64935
    93.831    0.65091
    94.164    0.65219
    94.497    0.65308
    94.831    0.65350
    95.164    0.65349
    95.497    0.65308
    95.830    0.65231
    96.164    0.65121
    96.497    0.64982
    96.830    0.64818
    97.164    0.64633
    97.497    0.64430
    97.830    0.64213
    98.164    0.63986
    98.497    0.63752
    98.830    0.63515
    99.163    0.63279
    99.497    0.63047
    99.830    0.62824
   100.163    0.62612
   100.497    0.62417
   100.830    0.62240
   101.163    0.62087
   101.497    0.61960
   101.830    0.61864
   102.163    0.61802
   102.496    0.61778
   102.830    0.61796
   103.163    0.61858
   103.496    0.61970
   103.830    0.62132
   104.163    0.62333
   104.496    0.62558
   104.830    0.62792
   105.163    0.63020
   105.496    0.63227
   105.829    0.63397
   106.163    0.63516
   106.496    0.63569
   106.829    0.63544
   107.163    0.63453
   107.496    0.63316
   107.829    0.63152
   108.163    0.62981
   108.496    0.62822
   108.829    0.62696
   109.162    0.62622
   109.496    0.62618
   109.829    0.62691
   110.162    0.62827
   110.496    0.63013
   110.829    0.63236
   111.162    0.63484
   111.496    0.63743
   111.829    0.64000
   112.162    0.64242
   112.495    0.64456
   112.829    0.64633
   113.162    0.64774
   113.495    0.64886
   113.829    0.64971
   114.162    0.65034
   114.495    0.65081
   114.829    0.65115
   115.162    0.65141
   115.495    0.65164
   115.828    0.65185
   116.162    0.65201
   116.495    0.65206
   116.828    0.65197
   117.162    0.65167
   117.495    0.65112
   117.828    0.65027
   118.162    0.64908
   118.495    0.64749
   118.828    0.64558
   119.161    0.64347
   119.495    0.64131
   119.828    0.63921
   120.161    0.63733
   120.495    0.63580
   120.828    0.63475
   121.161    0.63432
   121.495    0.63464
   121.828    0.63586
   122.161    0.63808
   122.494    0.64123
   122.828    0.64518
   123.161    0.64978
   123.494    0.65488
   123.828    0.66034
   124.161    0.66602
   124.494    0.67177
   124.828    0.67752
   125.161    0.68328
   125.494    0.68903
   125.827    0.69479
