#     crsv smooth20070
#
   128.500    0.78062
   128.833    0.78041
   129.167    0.78020
   129.500    0.77999
   129.833    0.77979
   130.167    0.77958
   130.500    0.77937
   130.833    0.77916
   131.166    0.77895
   131.500    0.77874
   131.833    0.77853
   132.166    0.77833
   132.500    0.77812
   132.833    0.77791
   133.166    0.77770
   133.500    0.77749
   133.833    0.77728
   134.166    0.77707
   134.499    0.77687
   134.833    0.77666
   135.166    0.77646
   135.499    0.77627
   135.833    0.77608
   136.166    0.77590
   136.499    0.77573
   136.833    0.77557
   137.166    0.77542
   137.499    0.77528
   137.832    0.77516
   138.166    0.77505
   138.499    0.77496
   138.832    0.77489
   139.166    0.77484
   139.499    0.77481
   139.832    0.77480
   140.166    0.77481
   140.499    0.77486
   140.832    0.77493
   141.165    0.77503
   141.499    0.77517
   141.832    0.77534
   142.165    0.77556
   142.499    0.77582
   142.832    0.77613
   143.165    0.77648
   143.499    0.77689
   143.832    0.77735
   144.165    0.77787
   144.498    0.77844
   144.832    0.77907
   145.165    0.77975
   145.498    0.78046
   145.832    0.78122
   146.165    0.78200
   146.498    0.78281
   146.832    0.78364
   147.165    0.78447
   147.498    0.78532
   147.831    0.78617
   148.165    0.78701
   148.498    0.78784
   148.831    0.78865
   149.165    0.78944
   149.498    0.79020
   149.831    0.79093
   150.165    0.79161
   150.498    0.79225
   150.831    0.79284
   151.164    0.79336
   151.498    0.79383
   151.831    0.79422
   152.164    0.79453
   152.498    0.79477
   152.831    0.79496
   153.164    0.79510
   153.498    0.79521
   153.831    0.79532
   154.164    0.79543
   154.497    0.79556
   154.831    0.79573
   155.164    0.79595
   155.497    0.79624
   155.831    0.79662
   156.164    0.79709
   156.497    0.79766
   156.831    0.79831
   157.164    0.79900
   157.497    0.79971
   157.830    0.80041
   158.164    0.80107
   158.497    0.80168
   158.830    0.80219
   159.164    0.80259
   159.497    0.80285
   159.830    0.80293
   160.163    0.80282
   160.497    0.80252
   160.830    0.80204
   161.163    0.80143
   161.497    0.80071
   161.830    0.79992
   162.163    0.79907
   162.497    0.79821
   162.830    0.79736
   163.163    0.79655
   163.496    0.79582
   163.830    0.79518
   164.163    0.79467
   164.496    0.79427
   164.830    0.79397
   165.163    0.79374
   165.496    0.79356
   165.830    0.79342
   166.163    0.79330
   166.496    0.79318
   166.830    0.79304
   167.163    0.79285
   167.496    0.79262
   167.829    0.79230
   168.163    0.79189
   168.496    0.79138
   168.829    0.79078
   169.163    0.79010
   169.496    0.78935
   169.829    0.78853
   170.163    0.78765
   170.496    0.78674
   170.829    0.78578
   171.162    0.78480
   171.496    0.78380
   171.829    0.78280
   172.162    0.78179
   172.496    0.78080
   172.829    0.77982
   173.162    0.77887
   173.496    0.77795
   173.829    0.77707
   174.162    0.77624
   174.495    0.77546
   174.829    0.77475
   175.162    0.77411
   175.495    0.77355
   175.829    0.77307
   176.162    0.77266
   176.495    0.77227
   176.829    0.77191
   177.162    0.77153
   177.495    0.77113
   177.828    0.77066
   178.162    0.77012
   178.495    0.76948
   178.828    0.76872
   179.162    0.76786
   179.495    0.76693
   179.828    0.76596
   180.162    0.76497
   180.495    0.76400
   180.828    0.76306
   181.161    0.76218
   181.495    0.76140
   181.828    0.76072
   182.161    0.76015
   182.495    0.75966
   182.828    0.75925
   183.161    0.75890
   183.495    0.75859
   183.828    0.75832
   184.161    0.75808
   184.494    0.75784
   184.828    0.75761
   185.161    0.75737
   185.494    0.75714
   185.828    0.75690
   186.161    0.75667
