#     crsv smooth20030
#
     6.500    0.90379
     6.833    0.90405
     7.167    0.90431
     7.500    0.90457
     7.833    0.90483
     8.167    0.90508
     8.500    0.90534
     8.833    0.90560
     9.166    0.90586
     9.500    0.90612
     9.833    0.90638
    10.166    0.90664
    10.500    0.90690
    10.833    0.90716
    11.166    0.90742
    11.500    0.90769
    11.833    0.90795
    12.166    0.90823
    12.499    0.90850
    12.833    0.90878
    13.166    0.90907
    13.499    0.90936
    13.833    0.90966
    14.166    0.90996
    14.499    0.91027
    14.833    0.91059
    15.166    0.91091
    15.499    0.91124
    15.832    0.91158
    16.166    0.91191
    16.499    0.91225
    16.832    0.91258
    17.166    0.91291
    17.499    0.91323
    17.832    0.91355
    18.166    0.91386
    18.499    0.91416
    18.832    0.91445
    19.165    0.91472
    19.499    0.91498
    19.832    0.91523
    20.165    0.91547
    20.499    0.91570
    20.832    0.91594
    21.165    0.91617
    21.499    0.91641
    21.832    0.91666
    22.165    0.91692
    22.498    0.91720
    22.832    0.91749
    23.165    0.91780
    23.498    0.91814
    23.832    0.91850
    24.165    0.91888
    24.498    0.91927
    24.832    0.91966
    25.165    0.92006
    25.498    0.92046
    25.831    0.92085
    26.165    0.92123
    26.498    0.92160
    26.831    0.92195
    27.165    0.92228
    27.498    0.92259
    27.831    0.92287
    28.165    0.92315
    28.498    0.92341
    28.831    0.92367
    29.164    0.92393
    29.498    0.92420
    29.831    0.92448
    30.164    0.92477
    30.498    0.92509
    30.831    0.92544
    31.164    0.92581
    31.498    0.92623
    31.831    0.92667
    32.164    0.92712
    32.497    0.92758
    32.831    0.92804
    33.164    0.92849
    33.497    0.92891
    33.831    0.92929
    34.164    0.92963
    34.497    0.92992
    34.831    0.93014
    35.164    0.93028
    35.497    0.93034
    35.830    0.93032
    36.164    0.93024
    36.497    0.93011
    36.830    0.92994
    37.164    0.92975
    37.497    0.92954
    37.830    0.92934
    38.164    0.92914
    38.497    0.92898
    38.830    0.92886
    39.163    0.92879
    39.497    0.92878
    39.830    0.92883
    40.163    0.92893
    40.497    0.92907
    40.830    0.92924
    41.163    0.92945
    41.497    0.92967
    41.830    0.92991
    42.163    0.93015
    42.496    0.93040
    42.830    0.93064
    43.163    0.93087
    43.496    0.93108
    43.830    0.93127
    44.163    0.93144
    44.496    0.93161
    44.830    0.93176
    45.163    0.93189
    45.496    0.93202
    45.829    0.93213
    46.163    0.93224
    46.496    0.93234
    46.829    0.93243
    47.163    0.93252
    47.496    0.93260
    47.829    0.93268
    48.163    0.93275
    48.496    0.93281
    48.829    0.93286
    49.162    0.93290
    49.496    0.93294
    49.829    0.93295
    50.162    0.93296
    50.496    0.93295
    50.829    0.93292
    51.162    0.93288
    51.496    0.93282
    51.829    0.93274
    52.162    0.93265
    52.495    0.93255
    52.829    0.93243
    53.162    0.93231
    53.495    0.93217
    53.829    0.93203
    54.162    0.93188
    54.495    0.93173
    54.829    0.93157
    55.162    0.93141
    55.495    0.93125
    55.828    0.93109
    56.162    0.93093
    56.495    0.93078
    56.828    0.93062
    57.162    0.93046
    57.495    0.93030
    57.828    0.93014
    58.162    0.92998
    58.495    0.92982
    58.828    0.92966
    59.161    0.92950
    59.495    0.92935
    59.828    0.92919
    60.161    0.92903
    60.495    0.92887
    60.828    0.92871
    61.161    0.92855
    61.495    0.92839
    61.828    0.92824
    62.161    0.92808
    62.494    0.92792
    62.828    0.92776
    63.161    0.92760
    63.494    0.92744
    63.828    0.92728
