#     crsv smooth20002
#
    66.500    1.06331
    66.833    1.06377
    67.167    1.06424
    67.500    1.06470
    67.833    1.06516
    68.166    1.06562
    68.500    1.06608
    68.833    1.06655
    69.166    1.06707
    69.500    1.06766
    69.833    1.06835
    70.166    1.06918
    70.500    1.07017
    70.833    1.07136
    71.166    1.07277
    71.499    1.07444
    71.833    1.07638
    72.166    1.07853
    72.499    1.08078
    72.833    1.08303
    73.166    1.08519
    73.499    1.08714
    73.833    1.08879
    74.166    1.09004
    74.499    1.09092
    74.832    1.09151
    75.166    1.09196
    75.499    1.09235
    75.832    1.09282
    76.166    1.09346
    76.499    1.09432
    76.832    1.09533
    77.166    1.09646
    77.499    1.09766
    77.832    1.09887
    78.166    1.10004
    78.499    1.10114
    78.832    1.10211
    79.165    1.10289
    79.499    1.10345
    79.832    1.10374
    80.165    1.10381
    80.499    1.10373
    80.832    1.10356
    81.165    1.10337
    81.499    1.10322
    81.832    1.10320
    82.165    1.10336
    82.498    1.10377
    82.832    1.10448
    83.165    1.10542
    83.498    1.10655
    83.832    1.10779
    84.165    1.10909
    84.498    1.11038
    84.832    1.11161
    85.165    1.11270
    85.498    1.11361
    85.831    1.11429
    86.165    1.11480
    86.498    1.11516
    86.831    1.11543
    87.165    1.11564
    87.498    1.11585
    87.831    1.11609
    88.165    1.11641
    88.498    1.11684
    88.831    1.11744
    89.164    1.11820
    89.498    1.11909
    89.831    1.12007
    90.164    1.12113
    90.498    1.12223
    90.831    1.12335
    91.164    1.12445
    91.498    1.12551
    91.831    1.12651
    92.164    1.12747
    92.497    1.12838
    92.831    1.12925
    93.164    1.13010
    93.497    1.13093
    93.831    1.13176
    94.164    1.13258
    94.497    1.13341
    94.831    1.13425
    95.164    1.13510
    95.497    1.13595
    95.830    1.13680
    96.164    1.13765
    96.497    1.13849
    96.830    1.13931
    97.164    1.14010
    97.497    1.14088
    97.830    1.14162
    98.164    1.14234
    98.497    1.14301
    98.830    1.14364
    99.163    1.14422
    99.497    1.14474
    99.830    1.14521
   100.163    1.14562
   100.497    1.14596
   100.830    1.14623
   101.163    1.14642
   101.497    1.14653
   101.830    1.14656
   102.163    1.14650
   102.496    1.14634
   102.830    1.14608
   103.163    1.14571
   103.496    1.14524
   103.830    1.14465
   104.163    1.14397
   104.496    1.14322
   104.830    1.14240
   105.163    1.14156
   105.496    1.14069
   105.829    1.13983
   106.163    1.13899
   106.496    1.13820
   106.829    1.13746
   107.163    1.13678
   107.496    1.13613
   107.829    1.13550
   108.163    1.13487
   108.496    1.13422
   108.829    1.13355
   109.162    1.13282
   109.496    1.13203
   109.829    1.13118
   110.162    1.13031
   110.496    1.12943
   110.829    1.12858
   111.162    1.12780
   111.496    1.12711
   111.829    1.12654
   112.162    1.12612
   112.495    1.12589
   112.829    1.12585
   113.162    1.12599
   113.495    1.12625
   113.829    1.12661
   114.162    1.12701
   114.495    1.12742
   114.829    1.12781
   115.162    1.12812
   115.495    1.12833
   115.828    1.12840
   116.162    1.12833
   116.495    1.12812
   116.828    1.12777
   117.162    1.12729
   117.495    1.12666
   117.828    1.12590
   118.162    1.12499
   118.495    1.12395
   118.828    1.12279
   119.161    1.12152
   119.495    1.12016
   119.828    1.11874
   120.161    1.11727
   120.495    1.11577
   120.828    1.11426
   121.161    1.11275
   121.495    1.11128
   121.828    1.10986
   122.161    1.10850
   122.494    1.10721
   122.828    1.10597
   123.161    1.10478
   123.494    1.10362
   123.828    1.10248
   124.161    1.10136
   124.494    1.10024
   124.828    1.09913
   125.161    1.09801
   125.494    1.09690
   125.827    1.09578
