#     crsv smooth20060
#
   128.500    0.82194
   128.833    0.82149
   129.167    0.82103
   129.500    0.82058
   129.833    0.82012
   130.167    0.81967
   130.500    0.81921
   130.833    0.81876
   131.166    0.81830
   131.500    0.81785
   131.833    0.81739
   132.166    0.81694
   132.500    0.81648
   132.833    0.81603
   133.166    0.81557
   133.500    0.81512
   133.833    0.81466
   134.166    0.81421
   134.499    0.81376
   134.833    0.81331
   135.166    0.81288
   135.499    0.81246
   135.833    0.81206
   136.166    0.81167
   136.499    0.81131
   136.833    0.81098
   137.166    0.81068
   137.499    0.81041
   137.832    0.81017
   138.166    0.80998
   138.499    0.80983
   138.832    0.80972
   139.166    0.80967
   139.499    0.80967
   139.832    0.80972
   140.166    0.80984
   140.499    0.81000
   140.832    0.81022
   141.165    0.81049
   141.499    0.81079
   141.832    0.81115
   142.165    0.81153
   142.499    0.81196
   142.832    0.81241
   143.165    0.81289
   143.499    0.81340
   143.832    0.81392
   144.165    0.81447
   144.498    0.81502
   144.832    0.81560
   145.165    0.81618
   145.498    0.81677
   145.832    0.81737
   146.165    0.81797
   146.498    0.81858
   146.832    0.81919
   147.165    0.81980
   147.498    0.82041
   147.831    0.82102
   148.165    0.82162
   148.498    0.82221
   148.831    0.82280
   149.165    0.82337
   149.498    0.82393
   149.831    0.82447
   150.165    0.82499
   150.498    0.82548
   150.831    0.82596
   151.164    0.82640
   151.498    0.82682
   151.831    0.82720
   152.164    0.82755
   152.498    0.82787
   152.831    0.82816
   153.164    0.82843
   153.498    0.82869
   153.831    0.82895
   154.164    0.82921
   154.497    0.82948
   154.831    0.82977
   155.164    0.83009
   155.497    0.83044
   155.831    0.83083
   156.164    0.83127
   156.497    0.83176
   156.831    0.83227
   157.164    0.83280
   157.497    0.83332
   157.830    0.83381
   158.164    0.83427
   158.497    0.83467
   158.830    0.83500
   159.164    0.83523
   159.497    0.83536
   159.830    0.83536
   160.163    0.83521
   160.497    0.83493
   160.830    0.83452
   161.163    0.83402
   161.497    0.83343
   161.830    0.83279
   162.163    0.83212
   162.497    0.83143
   162.830    0.83075
   163.163    0.83011
   163.496    0.82951
   163.830    0.82899
   164.163    0.82855
   164.496    0.82820
   164.830    0.82792
   165.163    0.82769
   165.496    0.82751
   165.830    0.82735
   166.163    0.82721
   166.496    0.82708
   166.830    0.82694
   167.163    0.82678
   167.496    0.82659
   167.829    0.82635
   168.163    0.82605
   168.496    0.82569
   168.829    0.82526
   169.163    0.82479
   169.496    0.82426
   169.829    0.82368
   170.163    0.82306
   170.496    0.82241
   170.829    0.82171
   171.162    0.82099
   171.496    0.82024
   171.829    0.81947
   172.162    0.81868
   172.496    0.81788
   172.829    0.81708
   173.162    0.81628
   173.496    0.81551
   173.829    0.81477
   174.162    0.81406
   174.495    0.81341
   174.829    0.81282
   175.162    0.81230
   175.495    0.81186
   175.829    0.81151
   176.162    0.81122
   176.495    0.81098
   176.829    0.81075
   177.162    0.81052
   177.495    0.81026
   177.828    0.80995
   178.162    0.80957
   178.495    0.80908
   178.828    0.80849
   179.162    0.80779
   179.495    0.80703
   179.828    0.80622
   180.162    0.80538
   180.495    0.80455
   180.828    0.80375
   181.161    0.80299
   181.495    0.80231
   181.828    0.80173
   182.161    0.80122
   182.495    0.80079
   182.828    0.80043
   183.161    0.80011
   183.495    0.79984
   183.828    0.79959
   184.161    0.79937
   184.494    0.79915
   184.828    0.79893
   185.161    0.79871
   185.494    0.79850
   185.828    0.79828
   186.161    0.79807
