#     crsv smooth20100
#
     6.500    0.56866
     6.833    0.57031
     7.167    0.57197
     7.500    0.57363
     7.833    0.57529
     8.167    0.57694
     8.500    0.57860
     8.833    0.58026
     9.166    0.58192
     9.500    0.58357
     9.833    0.58523
    10.166    0.58689
    10.500    0.58853
    10.833    0.59017
    11.166    0.59180
    11.500    0.59341
    11.833    0.59499
    12.166    0.59655
    12.499    0.59809
    12.833    0.59959
    13.166    0.60106
    13.499    0.60248
    13.833    0.60386
    14.166    0.60520
    14.499    0.60649
    14.833    0.60772
    15.166    0.60889
    15.499    0.61002
    15.832    0.61111
    16.166    0.61216
    16.499    0.61317
    16.832    0.61415
    17.166    0.61511
    17.499    0.61604
    17.832    0.61696
    18.166    0.61787
    18.499    0.61878
    18.832    0.61968
    19.165    0.62058
    19.499    0.62149
    19.832    0.62240
    20.165    0.62333
    20.499    0.62426
    20.832    0.62520
    21.165    0.62615
    21.499    0.62712
    21.832    0.62809
    22.165    0.62908
    22.498    0.63008
    22.832    0.63109
    23.165    0.63212
    23.498    0.63315
    23.832    0.63421
    24.165    0.63527
    24.498    0.63634
    24.832    0.63741
    25.165    0.63849
    25.498    0.63957
    25.831    0.64064
    26.165    0.64171
    26.498    0.64277
    26.831    0.64383
    27.165    0.64487
    27.498    0.64590
    27.831    0.64692
    28.165    0.64793
    28.498    0.64893
    28.831    0.64994
    29.164    0.65094
    29.498    0.65194
    29.831    0.65294
    30.164    0.65395
    30.498    0.65497
    30.831    0.65600
    31.164    0.65704
    31.498    0.65809
    31.831    0.65916
    32.164    0.66024
    32.497    0.66132
    32.831    0.66241
    33.164    0.66350
    33.497    0.66460
    33.831    0.66569
    34.164    0.66677
    34.497    0.66786
    34.831    0.66893
    35.164    0.66999
    35.497    0.67104
    35.830    0.67206
    36.164    0.67305
    36.497    0.67400
    36.830    0.67489
    37.164    0.67572
    37.497    0.67648
    37.830    0.67714
    38.164    0.67771
    38.497    0.67817
    38.830    0.67852
    39.163    0.67873
    39.497    0.67882
    39.830    0.67879
    40.163    0.67866
    40.497    0.67846
    40.830    0.67820
    41.163    0.67791
    41.497    0.67759
    41.830    0.67727
    42.163    0.67697
    42.496    0.67671
    42.830    0.67650
    43.163    0.67637
    43.496    0.67632
    43.830    0.67635
    44.163    0.67646
    44.496    0.67663
    44.830    0.67686
    45.163    0.67714
    45.496    0.67748
    45.829    0.67785
    46.163    0.67825
    46.496    0.67869
    46.829    0.67914
    47.163    0.67961
    47.496    0.68008
    47.829    0.68053
    48.163    0.68094
    48.496    0.68128
    48.829    0.68154
    49.162    0.68168
    49.496    0.68169
    49.829    0.68154
    50.162    0.68120
    50.496    0.68067
    50.829    0.67990
    51.162    0.67889
    51.496    0.67763
    51.829    0.67617
    52.162    0.67455
    52.495    0.67281
    52.829    0.67100
    53.162    0.66916
    53.495    0.66733
    53.829    0.66554
    54.162    0.66385
    54.495    0.66230
    54.829    0.66092
    55.162    0.65976
    55.495    0.65887
    55.828    0.65826
    56.162    0.65791
    56.495    0.65782
    56.828    0.65795
    57.162    0.65830
    57.495    0.65884
    57.828    0.65956
    58.162    0.66043
    58.495    0.66144
    58.828    0.66257
    59.161    0.66380
    59.495    0.66511
    59.828    0.66649
    60.161    0.66791
    60.495    0.66936
    60.828    0.67082
    61.161    0.67228
    61.495    0.67373
    61.828    0.67519
    62.161    0.67665
    62.494    0.67811
    62.828    0.67957
    63.161    0.68102
    63.494    0.68248
    63.828    0.68394
