#     crsv smooth20025
#
   128.500    0.95912
   128.833    0.95856
   129.167    0.95800
   129.500    0.95744
   129.833    0.95688
   130.167    0.95632
   130.500    0.95576
   130.833    0.95520
   131.166    0.95464
   131.500    0.95408
   131.833    0.95351
   132.166    0.95295
   132.500    0.95239
   132.833    0.95183
   133.166    0.95127
   133.500    0.95071
   133.833    0.95015
   134.166    0.94959
   134.499    0.94904
   134.833    0.94849
   135.166    0.94796
   135.499    0.94745
   135.833    0.94696
   136.166    0.94649
   136.499    0.94606
   136.833    0.94566
   137.166    0.94531
   137.499    0.94500
   137.832    0.94474
   138.166    0.94453
   138.499    0.94438
   138.832    0.94429
   139.166    0.94427
   139.499    0.94432
   139.832    0.94445
   140.166    0.94465
   140.499    0.94492
   140.832    0.94524
   141.165    0.94561
   141.499    0.94602
   141.832    0.94645
   142.165    0.94689
   142.499    0.94734
   142.832    0.94779
   143.165    0.94823
   143.499    0.94863
   143.832    0.94901
   144.165    0.94934
   144.498    0.94961
   144.832    0.94984
   145.165    0.95003
   145.498    0.95018
   145.832    0.95029
   146.165    0.95037
   146.498    0.95043
   146.832    0.95047
   147.165    0.95049
   147.498    0.95050
   147.831    0.95050
   148.165    0.95050
   148.498    0.95050
   148.831    0.95051
   149.165    0.95053
   149.498    0.95056
   149.831    0.95061
   150.165    0.95068
   150.498    0.95077
   150.831    0.95089
   151.164    0.95105
   151.498    0.95123
   151.831    0.95146
   152.164    0.95172
   152.498    0.95203
   152.831    0.95237
   153.164    0.95273
   153.498    0.95311
   153.831    0.95350
   154.164    0.95388
   154.497    0.95425
   154.831    0.95461
   155.164    0.95493
   155.497    0.95522
   155.831    0.95547
   156.164    0.95567
   156.497    0.95581
   156.831    0.95589
   157.164    0.95594
   157.497    0.95594
   157.830    0.95591
   158.164    0.95585
   158.497    0.95576
   158.830    0.95565
   159.164    0.95553
   159.497    0.95540
   159.830    0.95527
   160.163    0.95514
   160.497    0.95501
   160.830    0.95489
   161.163    0.95477
   161.497    0.95465
   161.830    0.95453
   162.163    0.95441
   162.497    0.95429
   162.830    0.95417
   163.163    0.95405
   163.496    0.95392
   163.830    0.95380
   164.163    0.95367
   164.496    0.95353
   164.830    0.95340
   165.163    0.95327
   165.496    0.95315
   165.830    0.95303
   166.163    0.95292
   166.496    0.95283
   166.830    0.95275
   167.163    0.95268
   167.496    0.95263
   167.829    0.95261
   168.163    0.95260
   168.496    0.95262
   168.829    0.95265
   169.163    0.95269
   169.496    0.95274
   169.829    0.95278
   170.163    0.95283
   170.496    0.95286
   170.829    0.95287
   171.162    0.95286
   171.496    0.95283
   171.829    0.95276
   172.162    0.95265
   172.496    0.95251
   172.829    0.95234
   173.162    0.95215
   173.496    0.95195
   173.829    0.95175
   174.162    0.95156
   174.495    0.95140
   174.829    0.95126
   175.162    0.95115
   175.495    0.95110
   175.829    0.95109
   176.162    0.95113
   176.495    0.95120
   176.829    0.95128
   177.162    0.95137
   177.495    0.95145
   177.828    0.95151
   178.162    0.95153
   178.495    0.95150
   178.828    0.95141
   179.162    0.95128
   179.495    0.95111
   179.828    0.95090
   180.162    0.95068
   180.495    0.95044
   180.828    0.95020
   181.161    0.94998
   181.495    0.94977
   181.828    0.94959
   182.161    0.94944
   182.495    0.94931
   182.828    0.94919
   183.161    0.94909
   183.495    0.94901
   183.828    0.94893
   184.161    0.94885
   184.494    0.94878
   184.828    0.94871
   185.161    0.94864
   185.494    0.94857
   185.828    0.94850
   186.161    0.94843
