#     crsv smooth20010
#
     6.500    1.05023
     6.833    1.05007
     7.167    1.04990
     7.500    1.04974
     7.833    1.04957
     8.167    1.04941
     8.500    1.04925
     8.833    1.04908
     9.166    1.04892
     9.500    1.04875
     9.833    1.04859
    10.166    1.04842
    10.500    1.04826
    10.833    1.04810
    11.166    1.04794
    11.500    1.04778
    11.833    1.04763
    12.166    1.04747
    12.499    1.04733
    12.833    1.04718
    13.166    1.04704
    13.499    1.04691
    13.833    1.04678
    14.166    1.04666
    14.499    1.04655
    14.833    1.04644
    15.166    1.04634
    15.499    1.04624
    15.832    1.04615
    16.166    1.04607
    16.499    1.04599
    16.832    1.04591
    17.166    1.04584
    17.499    1.04576
    17.832    1.04569
    18.166    1.04562
    18.499    1.04555
    18.832    1.04547
    19.165    1.04539
    19.499    1.04531
    19.832    1.04523
    20.165    1.04514
    20.499    1.04504
    20.832    1.04494
    21.165    1.04484
    21.499    1.04472
    21.832    1.04460
    22.165    1.04446
    22.498    1.04432
    22.832    1.04416
    23.165    1.04400
    23.498    1.04382
    23.832    1.04363
    24.165    1.04343
    24.498    1.04323
    24.832    1.04302
    25.165    1.04280
    25.498    1.04259
    25.831    1.04237
    26.165    1.04216
    26.498    1.04195
    26.831    1.04175
    27.165    1.04155
    27.498    1.04136
    27.831    1.04118
    28.165    1.04100
    28.498    1.04081
    28.831    1.04063
    29.164    1.04044
    29.498    1.04024
    29.831    1.04002
    30.164    1.03979
    30.498    1.03955
    30.831    1.03928
    31.164    1.03899
    31.498    1.03867
    31.831    1.03834
    32.164    1.03800
    32.497    1.03765
    32.831    1.03731
    33.164    1.03699
    33.497    1.03669
    33.831    1.03641
    34.164    1.03618
    34.497    1.03600
    34.831    1.03587
    35.164    1.03580
    35.497    1.03581
    35.830    1.03588
    36.164    1.03600
    36.497    1.03616
    36.830    1.03636
    37.164    1.03657
    37.497    1.03679
    37.830    1.03701
    38.164    1.03721
    38.497    1.03739
    38.830    1.03753
    39.163    1.03761
    39.497    1.03765
    39.830    1.03763
    40.163    1.03757
    40.497    1.03747
    40.830    1.03735
    41.163    1.03719
    41.497    1.03703
    41.830    1.03685
    42.163    1.03666
    42.496    1.03648
    42.830    1.03631
    43.163    1.03616
    43.496    1.03602
    43.830    1.03590
    44.163    1.03580
    44.496    1.03571
    44.830    1.03563
    45.163    1.03557
    45.496    1.03551
    45.829    1.03546
    46.163    1.03542
    46.496    1.03537
    46.829    1.03533
    47.163    1.03529
    47.496    1.03525
    47.829    1.03520
    48.163    1.03515
    48.496    1.03510
    48.829    1.03505
    49.162    1.03500
    49.496    1.03495
    49.829    1.03490
    50.162    1.03484
    50.496    1.03479
    50.829    1.03473
    51.162    1.03467
    51.496    1.03462
    51.829    1.03456
    52.162    1.03451
    52.495    1.03446
    52.829    1.03441
    53.162    1.03437
    53.495    1.03434
    53.829    1.03431
    54.162    1.03429
    54.495    1.03428
    54.829    1.03428
    55.162    1.03429
    55.495    1.03431
    55.828    1.03434
    56.162    1.03439
    56.495    1.03444
    56.828    1.03451
    57.162    1.03458
    57.495    1.03466
    57.828    1.03475
    58.162    1.03485
    58.495    1.03495
    58.828    1.03506
    59.161    1.03517
    59.495    1.03529
    59.828    1.03541
    60.161    1.03553
    60.495    1.03565
    60.828    1.03577
    61.161    1.03589
    61.495    1.03601
    61.828    1.03613
    62.161    1.03625
    62.494    1.03638
    62.828    1.03650
    63.161    1.03662
    63.494    1.03674
    63.828    1.03686
