#     crsv smooth20002
#
   128.500    1.14601
   128.833    1.14594
   129.167    1.14587
   129.500    1.14580
   129.833    1.14573
   130.167    1.14566
   130.500    1.14559
   130.833    1.14552
   131.166    1.14545
   131.500    1.14538
   131.833    1.14531
   132.166    1.14524
   132.500    1.14517
   132.833    1.14510
   133.166    1.14503
   133.500    1.14496
   133.833    1.14489
   134.166    1.14482
   134.499    1.14475
   134.833    1.14468
   135.166    1.14459
   135.499    1.14450
   135.833    1.14440
   136.166    1.14429
   136.499    1.14416
   136.833    1.14402
   137.166    1.14386
   137.499    1.14368
   137.832    1.14347
   138.166    1.14325
   138.499    1.14299
   138.832    1.14271
   139.166    1.14240
   139.499    1.14206
   139.832    1.14168
   140.166    1.14127
   140.499    1.14083
   140.832    1.14036
   141.165    1.13986
   141.499    1.13935
   141.832    1.13881
   142.165    1.13826
   142.499    1.13770
   142.832    1.13713
   143.165    1.13656
   143.499    1.13598
   143.832    1.13540
   144.165    1.13483
   144.498    1.13427
   144.832    1.13371
   145.165    1.13315
   145.498    1.13261
   145.832    1.13206
   146.165    1.13152
   146.498    1.13098
   146.832    1.13045
   147.165    1.12991
   147.498    1.12938
   147.831    1.12884
   148.165    1.12830
   148.498    1.12776
   148.831    1.12722
   149.165    1.12666
   149.498    1.12609
   149.831    1.12550
   150.165    1.12490
   150.498    1.12427
   150.831    1.12361
   151.164    1.12292
   151.498    1.12220
   151.831    1.12144
   152.164    1.12064
   152.498    1.11980
   152.831    1.11894
   153.164    1.11806
   153.498    1.11718
   153.831    1.11631
   154.164    1.11547
   154.497    1.11466
   154.831    1.11389
   155.164    1.11319
   155.497    1.11255
   155.831    1.11200
   156.164    1.11154
   156.497    1.11118
   156.831    1.11091
   157.164    1.11072
   157.497    1.11061
   157.830    1.11057
   158.164    1.11058
   158.497    1.11065
   158.830    1.11076
   159.164    1.11091
   159.497    1.11109
   159.830    1.11129
   160.163    1.11150
   160.497    1.11172
   160.830    1.11195
   161.163    1.11218
   161.497    1.11243
   161.830    1.11268
   162.163    1.11293
   162.497    1.11320
   162.830    1.11347
   163.163    1.11374
   163.496    1.11402
   163.830    1.11431
   164.163    1.11460
   164.496    1.11489
   164.830    1.11518
   165.163    1.11547
   165.496    1.11576
   165.830    1.11603
   166.163    1.11630
   166.496    1.11656
   166.830    1.11680
   167.163    1.11702
   167.496    1.11723
   167.829    1.11741
   168.163    1.11757
   168.496    1.11771
   168.829    1.11782
   169.163    1.11791
   169.496    1.11798
   169.829    1.11802
   170.163    1.11805
   170.496    1.11806
   170.829    1.11805
   171.162    1.11803
   171.496    1.11799
   171.829    1.11794
   172.162    1.11787
   172.496    1.11780
   172.829    1.11772
   173.162    1.11764
   173.496    1.11757
   173.829    1.11752
   174.162    1.11749
   174.495    1.11749
   174.829    1.11752
   175.162    1.11759
   175.495    1.11771
   175.829    1.11788
   176.162    1.11809
   176.495    1.11832
   176.829    1.11856
   177.162    1.11879
   177.495    1.11901
   177.828    1.11919
   178.162    1.11933
   178.495    1.11940
   178.828    1.11941
   179.162    1.11935
   179.495    1.11922
   179.828    1.11905
   180.162    1.11883
   180.495    1.11858
   180.828    1.11829
   181.161    1.11798
   181.495    1.11765
   181.828    1.11732
   182.161    1.11697
   182.495    1.11662
   182.828    1.11626
   183.161    1.11590
   183.495    1.11553
   183.828    1.11516
   184.161    1.11478
   184.494    1.11441
   184.828    1.11404
   185.161    1.11366
   185.494    1.11329
   185.828    1.11291
   186.161    1.11254
