#     crsv smooth20015
#
    66.500    1.00089
    66.833    1.00089
    67.167    1.00089
    67.500    1.00090
    67.833    1.00090
    68.166    1.00090
    68.500    1.00090
    68.833    1.00090
    69.166    1.00091
    69.500    1.00091
    69.833    1.00092
    70.166    1.00092
    70.500    1.00094
    70.833    1.00095
    71.166    1.00097
    71.499    1.00100
    71.833    1.00103
    72.166    1.00106
    72.499    1.00110
    72.833    1.00114
    73.166    1.00119
    73.499    1.00123
    73.833    1.00128
    74.166    1.00133
    74.499    1.00137
    74.832    1.00141
    75.166    1.00145
    75.499    1.00147
    75.832    1.00149
    76.166    1.00150
    76.499    1.00150
    76.832    1.00149
    77.166    1.00148
    77.499    1.00146
    77.832    1.00144
    78.166    1.00142
    78.499    1.00141
    78.832    1.00139
    79.165    1.00139
    79.499    1.00140
    79.832    1.00142
    80.165    1.00144
    80.499    1.00148
    80.832    1.00152
    81.165    1.00156
    81.499    1.00160
    81.832    1.00164
    82.165    1.00168
    82.498    1.00170
    82.832    1.00172
    83.165    1.00173
    83.498    1.00173
    83.832    1.00172
    84.165    1.00172
    84.498    1.00171
    84.832    1.00170
    85.165    1.00170
    85.498    1.00170
    85.831    1.00171
    86.165    1.00172
    86.498    1.00173
    86.831    1.00174
    87.165    1.00176
    87.498    1.00177
    87.831    1.00179
    88.165    1.00180
    88.498    1.00180
    88.831    1.00180
    89.164    1.00179
    89.498    1.00178
    89.831    1.00177
    90.164    1.00175
    90.498    1.00174
    90.831    1.00172
    91.164    1.00171
    91.498    1.00170
    91.831    1.00169
    92.164    1.00169
    92.497    1.00169
    92.831    1.00169
    93.164    1.00169
    93.497    1.00169
    93.831    1.00170
    94.164    1.00170
    94.497    1.00170
    94.831    1.00170
    95.164    1.00170
    95.497    1.00169
    95.830    1.00168
    96.164    1.00168
    96.497    1.00167
    96.830    1.00166
    97.164    1.00165
    97.497    1.00164
    97.830    1.00163
    98.164    1.00162
    98.497    1.00162
    98.830    1.00161
    99.163    1.00160
    99.497    1.00160
    99.830    1.00159
   100.163    1.00159
   100.497    1.00159
   100.830    1.00159
   101.163    1.00159
   101.497    1.00160
   101.830    1.00161
   102.163    1.00162
   102.496    1.00163
   102.830    1.00165
   103.163    1.00167
   103.496    1.00170
   103.830    1.00173
   104.163    1.00176
   104.496    1.00179
   104.830    1.00183
   105.163    1.00187
   105.496    1.00190
   105.829    1.00194
   106.163    1.00197
   106.496    1.00200
   106.829    1.00202
   107.163    1.00204
   107.496    1.00206
   107.829    1.00207
   108.163    1.00208
   108.496    1.00209
   108.829    1.00209
   109.162    1.00210
   109.496    1.00210
   109.829    1.00210
   110.162    1.00210
   110.496    1.00211
   110.829    1.00211
   111.162    1.00211
   111.496    1.00210
   111.829    1.00210
   112.162    1.00210
   112.495    1.00210
   112.829    1.00210
   113.162    1.00210
   113.495    1.00209
   113.829    1.00209
   114.162    1.00209
   114.495    1.00209
   114.829    1.00209
   115.162    1.00210
   115.495    1.00210
   115.828    1.00211
   116.162    1.00211
   116.495    1.00212
   116.828    1.00212
   117.162    1.00212
   117.495    1.00212
   117.828    1.00211
   118.162    1.00211
   118.495    1.00209
   118.828    1.00207
   119.161    1.00205
   119.495    1.00202
   119.828    1.00199
   120.161    1.00196
   120.495    1.00192
   120.828    1.00189
   121.161    1.00186
   121.495    1.00183
   121.828    1.00180
   122.161    1.00178
   122.494    1.00176
   122.828    1.00175
   123.161    1.00173
   123.494    1.00172
   123.828    1.00171
   124.161    1.00170
   124.494    1.00170
   124.828    1.00169
   125.161    1.00168
   125.494    1.00167
   125.827    1.00166
