#     crsv smooth20002
#
     6.500    1.16562
     6.833    1.16484
     7.167    1.16407
     7.500    1.16329
     7.833    1.16252
     8.167    1.16174
     8.500    1.16097
     8.833    1.16019
     9.166    1.15942
     9.500    1.15865
     9.833    1.15787
    10.166    1.15710
    10.500    1.15634
    10.833    1.15559
    11.166    1.15487
    11.500    1.15417
    11.833    1.15350
    12.166    1.15287
    12.499    1.15228
    12.833    1.15174
    13.166    1.15126
    13.499    1.15083
    13.833    1.15047
    14.166    1.15018
    14.499    1.14997
    14.833    1.14983
    15.166    1.14978
    15.499    1.14979
    15.832    1.14985
    16.166    1.14997
    16.499    1.15012
    16.832    1.15029
    17.166    1.15048
    17.499    1.15067
    17.832    1.15085
    18.166    1.15102
    18.499    1.15116
    18.832    1.15125
    19.165    1.15130
    19.499    1.15129
    19.832    1.15123
    20.165    1.15111
    20.499    1.15094
    20.832    1.15073
    21.165    1.15047
    21.499    1.15017
    21.832    1.14984
    22.165    1.14947
    22.498    1.14907
    22.832    1.14864
    23.165    1.14819
    23.498    1.14772
    23.832    1.14723
    24.165    1.14672
    24.498    1.14619
    24.832    1.14564
    25.165    1.14508
    25.498    1.14450
    25.831    1.14391
    26.165    1.14331
    26.498    1.14269
    26.831    1.14207
    27.165    1.14143
    27.498    1.14079
    27.831    1.14013
    28.165    1.13945
    28.498    1.13875
    28.831    1.13801
    29.164    1.13724
    29.498    1.13643
    29.831    1.13557
    30.164    1.13466
    30.498    1.13369
    30.831    1.13266
    31.164    1.13156
    31.498    1.13039
    31.831    1.12918
    32.164    1.12795
    32.497    1.12672
    32.831    1.12552
    33.164    1.12437
    33.497    1.12331
    33.831    1.12234
    34.164    1.12151
    34.497    1.12083
    34.831    1.12033
    35.164    1.12003
    35.497    1.11996
    35.830    1.12010
    36.164    1.12041
    36.497    1.12086
    36.830    1.12141
    37.164    1.12204
    37.497    1.12271
    37.830    1.12338
    38.164    1.12403
    38.497    1.12461
    38.830    1.12510
    39.163    1.12546
    39.497    1.12567
    39.830    1.12575
    40.163    1.12571
    40.497    1.12557
    40.830    1.12534
    41.163    1.12505
    41.497    1.12472
    41.830    1.12435
    42.163    1.12396
    42.496    1.12359
    42.830    1.12323
    43.163    1.12291
    43.496    1.12264
    43.830    1.12241
    44.163    1.12221
    44.496    1.12204
    44.830    1.12189
    45.163    1.12176
    45.496    1.12163
    45.829    1.12150
    46.163    1.12137
    46.496    1.12122
    46.829    1.12105
    47.163    1.12085
    47.496    1.12062
    47.829    1.12036
    48.163    1.12009
    48.496    1.11979
    48.829    1.11949
    49.162    1.11918
    49.496    1.11886
    49.829    1.11856
    50.162    1.11826
    50.496    1.11798
    50.829    1.11773
    51.162    1.11749
    51.496    1.11729
    51.829    1.11711
    52.162    1.11696
    52.495    1.11682
    52.829    1.11670
    53.162    1.11660
    53.495    1.11651
    53.829    1.11643
    54.162    1.11636
    54.495    1.11629
    54.829    1.11622
    55.162    1.11615
    55.495    1.11608
    55.828    1.11600
    56.162    1.11592
    56.495    1.11583
    56.828    1.11574
    57.162    1.11565
    57.495    1.11555
    57.828    1.11544
    58.162    1.11534
    58.495    1.11523
    58.828    1.11512
    59.161    1.11501
    59.495    1.11490
    59.828    1.11478
    60.161    1.11467
    60.495    1.11455
    60.828    1.11443
    61.161    1.11432
    61.495    1.11420
    61.828    1.11409
    62.161    1.11397
    62.494    1.11385
    62.828    1.11374
    63.161    1.11362
    63.494    1.11351
    63.828    1.11339
