#     crsv smooth20030
#
   128.500    0.94041
   128.833    0.93970
   129.167    0.93898
   129.500    0.93827
   129.833    0.93756
   130.167    0.93685
   130.500    0.93614
   130.833    0.93543
   131.166    0.93472
   131.500    0.93401
   131.833    0.93330
   132.166    0.93259
   132.500    0.93188
   132.833    0.93117
   133.166    0.93046
   133.500    0.92975
   133.833    0.92904
   134.166    0.92833
   134.499    0.92763
   134.833    0.92694
   135.166    0.92626
   135.499    0.92561
   135.833    0.92499
   136.166    0.92440
   136.499    0.92385
   136.833    0.92334
   137.166    0.92289
   137.499    0.92249
   137.832    0.92216
   138.166    0.92189
   138.499    0.92169
   138.832    0.92158
   139.166    0.92155
   139.499    0.92160
   139.832    0.92176
   140.166    0.92200
   140.499    0.92234
   140.832    0.92274
   141.165    0.92320
   141.499    0.92370
   141.832    0.92424
   142.165    0.92481
   142.499    0.92538
   142.832    0.92595
   143.165    0.92650
   143.499    0.92703
   143.832    0.92751
   144.165    0.92795
   144.498    0.92832
   144.832    0.92864
   145.165    0.92891
   145.498    0.92913
   145.832    0.92930
   146.165    0.92944
   146.498    0.92955
   146.832    0.92964
   147.165    0.92970
   147.498    0.92974
   147.831    0.92978
   148.165    0.92981
   148.498    0.92984
   148.831    0.92987
   149.165    0.92992
   149.498    0.92997
   149.831    0.93004
   150.165    0.93014
   150.498    0.93026
   150.831    0.93042
   151.164    0.93061
   151.498    0.93084
   151.831    0.93112
   152.164    0.93145
   152.498    0.93183
   152.831    0.93225
   153.164    0.93269
   153.498    0.93316
   153.831    0.93363
   154.164    0.93411
   154.497    0.93457
   154.831    0.93501
   155.164    0.93543
   155.497    0.93580
   155.831    0.93613
   156.164    0.93639
   156.497    0.93659
   156.831    0.93674
   157.164    0.93683
   157.497    0.93687
   157.830    0.93686
   158.164    0.93682
   158.497    0.93674
   158.830    0.93664
   159.164    0.93651
   159.497    0.93636
   159.830    0.93619
   160.163    0.93602
   160.497    0.93584
   160.830    0.93565
   161.163    0.93546
   161.497    0.93526
   161.830    0.93507
   162.163    0.93487
   162.497    0.93467
   162.830    0.93447
   163.163    0.93428
   163.496    0.93408
   163.830    0.93389
   164.163    0.93371
   164.496    0.93353
   164.830    0.93336
   165.163    0.93320
   165.496    0.93305
   165.830    0.93292
   166.163    0.93279
   166.496    0.93268
   166.830    0.93259
   167.163    0.93251
   167.496    0.93245
   167.829    0.93241
   168.163    0.93239
   168.496    0.93240
   168.829    0.93241
   169.163    0.93243
   169.496    0.93245
   169.829    0.93247
   170.163    0.93247
   170.496    0.93246
   170.829    0.93242
   171.162    0.93236
   171.496    0.93225
   171.829    0.93211
   172.162    0.93192
   172.496    0.93168
   172.829    0.93140
   173.162    0.93111
   173.496    0.93080
   173.829    0.93050
   174.162    0.93022
   174.495    0.92996
   174.829    0.92975
   175.162    0.92959
   175.495    0.92949
   175.829    0.92947
   176.162    0.92951
   176.495    0.92959
   176.829    0.92969
   177.162    0.92980
   177.495    0.92989
   177.828    0.92995
   178.162    0.92996
   178.495    0.92990
   178.828    0.92975
   179.162    0.92954
   179.495    0.92927
   179.828    0.92896
   180.162    0.92862
   180.495    0.92826
   180.828    0.92791
   181.161    0.92757
   181.495    0.92726
   181.828    0.92699
   182.161    0.92676
   182.495    0.92656
   182.828    0.92639
   183.161    0.92624
   183.495    0.92611
   183.828    0.92599
   184.161    0.92588
   184.494    0.92577
   184.828    0.92567
   185.161    0.92556
   185.494    0.92546
   185.828    0.92535
   186.161    0.92525
