#     crsv smooth20004
#
     6.500    1.13037
     6.833    1.12981
     7.167    1.12926
     7.500    1.12870
     7.833    1.12815
     8.167    1.12760
     8.500    1.12704
     8.833    1.12649
     9.166    1.12593
     9.500    1.12538
     9.833    1.12482
    10.166    1.12427
    10.500    1.12372
    10.833    1.12319
    11.166    1.12266
    11.500    1.12215
    11.833    1.12166
    12.166    1.12120
    12.499    1.12076
    12.833    1.12035
    13.166    1.11997
    13.499    1.11963
    13.833    1.11934
    14.166    1.11908
    14.499    1.11887
    14.833    1.11871
    15.166    1.11860
    15.499    1.11854
    15.832    1.11850
    16.166    1.11850
    16.499    1.11852
    16.832    1.11855
    17.166    1.11859
    17.499    1.11864
    17.832    1.11868
    18.166    1.11872
    18.499    1.11874
    18.832    1.11873
    19.165    1.11870
    19.499    1.11863
    19.832    1.11852
    20.165    1.11839
    20.499    1.11822
    20.832    1.11803
    21.165    1.11780
    21.499    1.11755
    21.832    1.11726
    22.165    1.11696
    22.498    1.11663
    22.832    1.11627
    23.165    1.11589
    23.498    1.11550
    23.832    1.11508
    24.165    1.11464
    24.498    1.11419
    24.832    1.11373
    25.165    1.11326
    25.498    1.11277
    25.831    1.11228
    26.165    1.11178
    26.498    1.11128
    26.831    1.11077
    27.165    1.11027
    27.498    1.10976
    27.831    1.10925
    28.165    1.10874
    28.498    1.10820
    28.831    1.10764
    29.164    1.10706
    29.498    1.10645
    29.831    1.10581
    30.164    1.10512
    30.498    1.10439
    30.831    1.10361
    31.164    1.10277
    31.498    1.10188
    31.831    1.10094
    32.164    1.09999
    32.497    1.09904
    32.831    1.09811
    33.164    1.09722
    33.497    1.09640
    33.831    1.09565
    34.164    1.09502
    34.497    1.09450
    34.831    1.09413
    35.164    1.09392
    35.497    1.09389
    35.830    1.09403
    36.164    1.09431
    36.497    1.09470
    36.830    1.09517
    37.164    1.09569
    37.497    1.09625
    37.830    1.09680
    38.164    1.09732
    38.497    1.09779
    38.830    1.09817
    39.163    1.09845
    39.497    1.09859
    39.830    1.09862
    40.163    1.09855
    40.497    1.09839
    40.830    1.09816
    41.163    1.09787
    41.497    1.09755
    41.830    1.09719
    42.163    1.09683
    42.496    1.09647
    42.830    1.09612
    43.163    1.09581
    43.496    1.09554
    43.830    1.09531
    44.163    1.09510
    44.496    1.09493
    44.830    1.09477
    45.163    1.09464
    45.496    1.09451
    45.829    1.09439
    46.163    1.09427
    46.496    1.09415
    46.829    1.09401
    47.163    1.09386
    47.496    1.09370
    47.829    1.09352
    48.163    1.09333
    48.496    1.09313
    48.829    1.09292
    49.162    1.09271
    49.496    1.09250
    49.829    1.09229
    50.162    1.09208
    50.496    1.09188
    50.829    1.09169
    51.162    1.09152
    51.496    1.09136
    51.829    1.09121
    52.162    1.09108
    52.495    1.09096
    52.829    1.09085
    53.162    1.09076
    53.495    1.09067
    53.829    1.09060
    54.162    1.09054
    54.495    1.09049
    54.829    1.09045
    55.162    1.09042
    55.495    1.09039
    55.828    1.09038
    56.162    1.09037
    56.495    1.09038
    56.828    1.09039
    57.162    1.09040
    57.495    1.09042
    57.828    1.09045
    58.162    1.09048
    58.495    1.09051
    58.828    1.09055
    59.161    1.09059
    59.495    1.09064
    59.828    1.09068
    60.161    1.09073
    60.495    1.09078
    60.828    1.09083
    61.161    1.09088
    61.495    1.09092
    61.828    1.09097
    62.161    1.09102
    62.494    1.09107
    62.828    1.09112
    63.161    1.09117
    63.494    1.09121
    63.828    1.09126
