#     crsv smooth20080
#
    66.500    0.81298
    66.833    0.81375
    67.167    0.81452
    67.500    0.81529
    67.833    0.81606
    68.166    0.81683
    68.500    0.81760
    68.833    0.81835
    69.166    0.81906
    69.500    0.81968
    69.833    0.82019
    70.166    0.82054
    70.500    0.82070
    70.833    0.82064
    71.166    0.82032
    71.499    0.81971
    71.833    0.81879
    72.166    0.81759
    72.499    0.81620
    72.833    0.81469
    73.166    0.81313
    73.499    0.81161
    73.833    0.81018
    74.166    0.80893
    74.499    0.80786
    74.832    0.80693
    75.166    0.80611
    75.499    0.80534
    75.832    0.80457
    76.166    0.80378
    76.499    0.80293
    76.832    0.80201
    77.166    0.80101
    77.499    0.79992
    77.832    0.79873
    78.166    0.79743
    78.499    0.79601
    78.832    0.79446
    79.165    0.79277
    79.499    0.79093
    79.832    0.78894
    80.165    0.78685
    80.499    0.78472
    80.832    0.78262
    81.165    0.78064
    81.499    0.77882
    81.832    0.77725
    82.165    0.77599
    82.498    0.77510
    82.832    0.77464
    83.165    0.77452
    83.498    0.77468
    83.832    0.77504
    84.165    0.77552
    84.498    0.77604
    84.832    0.77654
    85.165    0.77693
    85.498    0.77713
    85.831    0.77711
    86.165    0.77689
    86.498    0.77650
    86.831    0.77598
    87.165    0.77535
    87.498    0.77466
    87.831    0.77393
    88.165    0.77320
    88.498    0.77249
    88.831    0.77185
    89.164    0.77129
    89.498    0.77082
    89.831    0.77046
    90.164    0.77022
    90.498    0.77011
    90.831    0.77015
    91.164    0.77036
    91.498    0.77073
    91.831    0.77127
    92.164    0.77194
    92.497    0.77271
    92.831    0.77352
    93.164    0.77434
    93.497    0.77513
    93.831    0.77584
    94.164    0.77645
    94.497    0.77690
    94.831    0.77717
    95.164    0.77728
    95.497    0.77722
    95.830    0.77703
    96.164    0.77670
    96.497    0.77625
    96.830    0.77569
    97.164    0.77503
    97.497    0.77428
    97.830    0.77346
    98.164    0.77258
    98.497    0.77165
    98.830    0.77068
    99.163    0.76968
    99.497    0.76867
    99.830    0.76765
   100.163    0.76664
   100.497    0.76565
   100.830    0.76470
   101.163    0.76379
   101.497    0.76293
   101.830    0.76214
   102.163    0.76143
   102.496    0.76081
   102.830    0.76029
   103.163    0.75989
   103.496    0.75961
   103.830    0.75947
   104.163    0.75943
   104.496    0.75945
   104.830    0.75950
   105.163    0.75953
   105.496    0.75952
   105.829    0.75941
   106.163    0.75917
   106.496    0.75877
   106.829    0.75816
   107.163    0.75739
   107.496    0.75649
   107.829    0.75551
   108.163    0.75449
   108.496    0.75349
   108.829    0.75254
   109.162    0.75170
   109.496    0.75100
   109.829    0.75048
   110.162    0.75011
   110.496    0.74990
   110.829    0.74982
   111.162    0.74987
   111.496    0.75003
   111.829    0.75031
   112.162    0.75068
   112.495    0.75114
   112.829    0.75167
   113.162    0.75227
   113.495    0.75291
   113.829    0.75358
   114.162    0.75427
   114.495    0.75496
   114.829    0.75564
   115.162    0.75630
   115.495    0.75691
   115.828    0.75747
   116.162    0.75795
   116.495    0.75836
   116.828    0.75868
   117.162    0.75890
   117.495    0.75900
   117.828    0.75897
   118.162    0.75881
   118.495    0.75849
   118.828    0.75806
   119.161    0.75757
   119.495    0.75708
   119.828    0.75665
   120.161    0.75634
   120.495    0.75622
   120.828    0.75633
   121.161    0.75675
   121.495    0.75752
   121.828    0.75872
   122.161    0.76039
   122.494    0.76250
   122.828    0.76497
   123.161    0.76775
   123.494    0.77077
   123.828    0.77395
   124.161    0.77723
   124.494    0.78055
   124.828    0.78388
   125.161    0.78720
   125.494    0.79052
   125.827    0.79384
