#     crsv smooth20010
#
    66.500    1.01662
    66.833    1.01662
    67.167    1.01662
    67.500    1.01661
    67.833    1.01661
    68.166    1.01660
    68.500    1.01660
    68.833    1.01660
    69.166    1.01663
    69.500    1.01670
    69.833    1.01683
    70.166    1.01704
    70.500    1.01734
    70.833    1.01775
    71.166    1.01830
    71.499    1.01899
    71.833    1.01984
    72.166    1.02082
    72.499    1.02190
    72.833    1.02302
    73.166    1.02416
    73.499    1.02526
    73.833    1.02628
    74.166    1.02719
    74.499    1.02797
    74.832    1.02861
    75.166    1.02914
    75.499    1.02953
    75.832    1.02981
    76.166    1.02997
    76.499    1.03002
    76.832    1.03000
    77.166    1.02991
    77.499    1.02979
    77.832    1.02966
    78.166    1.02953
    78.499    1.02944
    78.832    1.02940
    79.165    1.02944
    79.499    1.02958
    79.832    1.02983
    80.165    1.03019
    80.499    1.03064
    80.832    1.03113
    81.165    1.03167
    81.499    1.03221
    81.832    1.03274
    82.165    1.03323
    82.498    1.03365
    82.832    1.03400
    83.165    1.03428
    83.498    1.03450
    83.832    1.03468
    84.165    1.03482
    84.498    1.03493
    84.832    1.03503
    85.165    1.03512
    85.498    1.03523
    85.831    1.03535
    86.165    1.03547
    86.498    1.03560
    86.831    1.03573
    87.165    1.03584
    87.498    1.03593
    87.831    1.03599
    88.165    1.03602
    88.498    1.03601
    88.831    1.03595
    89.164    1.03586
    89.498    1.03574
    89.831    1.03561
    90.164    1.03548
    90.498    1.03538
    90.831    1.03530
    91.164    1.03528
    91.498    1.03532
    91.831    1.03543
    92.164    1.03559
    92.497    1.03579
    92.831    1.03602
    93.164    1.03626
    93.497    1.03649
    93.831    1.03671
    94.164    1.03689
    94.497    1.03703
    94.831    1.03711
    95.164    1.03714
    95.497    1.03712
    95.830    1.03706
    96.164    1.03696
    96.497    1.03684
    96.830    1.03669
    97.164    1.03652
    97.497    1.03633
    97.830    1.03614
    98.164    1.03594
    98.497    1.03575
    98.830    1.03556
    99.163    1.03539
    99.497    1.03523
    99.830    1.03510
   100.163    1.03500
   100.497    1.03493
   100.830    1.03490
   101.163    1.03492
   101.497    1.03499
   101.830    1.03511
   102.163    1.03530
   102.496    1.03555
   102.830    1.03587
   103.163    1.03628
   103.496    1.03676
   103.830    1.03733
   104.163    1.03797
   104.496    1.03864
   104.830    1.03933
   105.163    1.04000
   105.496    1.04064
   105.829    1.04121
   106.163    1.04170
   106.496    1.04206
   106.829    1.04229
   107.163    1.04240
   107.496    1.04241
   107.829    1.04234
   108.163    1.04221
   108.496    1.04206
   108.829    1.04190
   109.162    1.04176
   109.496    1.04166
   109.829    1.04161
   110.162    1.04161
   110.496    1.04164
   110.829    1.04170
   111.162    1.04178
   111.496    1.04188
   111.829    1.04199
   112.162    1.04210
   112.495    1.04221
   112.829    1.04230
   113.162    1.04238
   113.495    1.04245
   113.829    1.04250
   114.162    1.04254
   114.495    1.04256
   114.829    1.04255
   115.162    1.04253
   115.495    1.04249
   115.828    1.04243
   116.162    1.04234
   116.495    1.04222
   116.828    1.04207
   117.162    1.04189
   117.495    1.04168
   117.828    1.04142
   118.162    1.04113
   118.495    1.04079
   118.828    1.04041
   119.161    1.04000
   119.495    1.03957
   119.828    1.03911
   120.161    1.03863
   120.495    1.03815
   120.828    1.03767
   121.161    1.03719
   121.495    1.03673
   121.828    1.03628
   122.161    1.03586
   122.494    1.03546
   122.828    1.03507
   123.161    1.03471
   123.494    1.03435
   123.828    1.03401
   124.161    1.03367
   124.494    1.03333
   124.828    1.03299
   125.161    1.03266
   125.494    1.03232
   125.827    1.03198
