#     crsv smooth20000
#
    66.500    1.09806
    66.833    1.09819
    67.167    1.09832
    67.500    1.09845
    67.833    1.09859
    68.166    1.09872
    68.500    1.09885
    68.833    1.09899
    69.166    1.09917
    69.500    1.09940
    69.833    1.09971
    70.166    1.10012
    70.500    1.10065
    70.833    1.10133
    71.166    1.10219
    71.499    1.10323
    71.833    1.10449
    72.166    1.10589
    72.499    1.10735
    72.833    1.10879
    73.166    1.11013
    73.499    1.11127
    73.833    1.11213
    74.166    1.11263
    74.499    1.11283
    74.832    1.11286
    75.166    1.11290
    75.499    1.11309
    75.832    1.11360
    76.166    1.11457
    76.499    1.11602
    76.832    1.11785
    77.166    1.11993
    77.499    1.12216
    77.832    1.12442
    78.166    1.12661
    78.499    1.12859
    78.832    1.13027
    79.165    1.13153
    79.499    1.13225
    79.832    1.13236
    80.165    1.13193
    80.499    1.13112
    80.832    1.13009
    81.165    1.12896
    81.499    1.12791
    81.832    1.12707
    82.165    1.12660
    82.498    1.12664
    82.832    1.12728
    83.165    1.12843
    83.498    1.12997
    83.832    1.13178
    84.165    1.13373
    84.498    1.13571
    84.832    1.13759
    85.165    1.13926
    85.498    1.14060
    85.831    1.14155
    86.165    1.14218
    86.498    1.14257
    86.831    1.14282
    87.165    1.14301
    87.498    1.14321
    87.831    1.14353
    88.165    1.14403
    88.498    1.14481
    88.831    1.14594
    89.164    1.14741
    89.498    1.14913
    89.831    1.15104
    90.164    1.15307
    90.498    1.15512
    90.831    1.15715
    91.164    1.15906
    91.498    1.16079
    91.831    1.16230
    92.164    1.16364
    92.497    1.16483
    92.831    1.16592
    93.164    1.16695
    93.497    1.16796
    93.831    1.16900
    94.164    1.17010
    94.497    1.17131
    94.831    1.17265
    95.164    1.17410
    95.497    1.17565
    95.830    1.17728
    96.164    1.17896
    96.497    1.18069
    96.830    1.18243
    97.164    1.18418
    97.497    1.18592
    97.830    1.18762
    98.164    1.18927
    98.497    1.19085
    98.830    1.19235
    99.163    1.19373
    99.497    1.19499
    99.830    1.19611
   100.163    1.19706
   100.497    1.19784
   100.830    1.19841
   101.163    1.19877
   101.497    1.19889
   101.830    1.19876
   102.163    1.19835
   102.496    1.19765
   102.830    1.19665
   103.163    1.19531
   103.496    1.19363
   103.830    1.19160
   104.163    1.18928
   104.496    1.18675
   104.830    1.18409
   105.163    1.18140
   105.496    1.17874
   105.829    1.17621
   106.163    1.17388
   106.496    1.17184
   106.829    1.17015
   107.163    1.16878
   107.496    1.16766
   107.829    1.16673
   108.163    1.16590
   108.496    1.16511
   108.829    1.16429
   109.162    1.16337
   109.496    1.16228
   109.829    1.16101
   110.162    1.15963
   110.496    1.15818
   110.829    1.15674
   111.162    1.15536
   111.496    1.15410
   111.829    1.15303
   112.162    1.15220
   112.495    1.15167
   112.829    1.15148
   113.162    1.15159
   113.495    1.15193
   113.829    1.15243
   114.162    1.15304
   114.495    1.15369
   114.829    1.15432
   115.162    1.15486
   115.495    1.15526
   115.828    1.15546
   116.162    1.15547
   116.495    1.15529
   116.828    1.15493
   117.162    1.15438
   117.495    1.15365
   117.828    1.15275
   118.162    1.15167
   118.495    1.15043
   118.828    1.14903
   119.161    1.14751
   119.495    1.14587
   119.828    1.14415
   120.161    1.14237
   120.495    1.14055
   120.828    1.13871
   121.161    1.13688
   121.495    1.13508
   121.828    1.13332
   122.161    1.13164
   122.494    1.13002
   122.828    1.12847
   123.161    1.12696
   123.494    1.12549
   123.828    1.12404
   124.161    1.12261
   124.494    1.12119
   124.828    1.11977
   125.161    1.11834
   125.494    1.11692
   125.827    1.11550
