#     crsv smooth20007
#
    66.500    1.02775
    66.833    1.02788
    67.167    1.02801
    67.500    1.02815
    67.833    1.02828
    68.166    1.02842
    68.500    1.02855
    68.833    1.02870
    69.166    1.02888
    69.500    1.02913
    69.833    1.02947
    70.166    1.02993
    70.500    1.03054
    70.833    1.03132
    71.166    1.03230
    71.499    1.03351
    71.833    1.03496
    72.166    1.03661
    72.499    1.03839
    72.833    1.04023
    73.166    1.04205
    73.499    1.04379
    73.833    1.04537
    74.166    1.04672
    74.499    1.04784
    74.832    1.04873
    75.166    1.04943
    75.499    1.04996
    75.832    1.05036
    76.166    1.05063
    76.499    1.05081
    76.832    1.05092
    77.166    1.05098
    77.499    1.05100
    77.832    1.05101
    78.166    1.05102
    78.499    1.05107
    78.832    1.05116
    79.165    1.05132
    79.499    1.05156
    79.832    1.05191
    80.165    1.05236
    80.499    1.05288
    80.832    1.05346
    81.165    1.05407
    81.499    1.05471
    81.832    1.05536
    82.165    1.05598
    82.498    1.05658
    82.832    1.05713
    83.165    1.05763
    83.498    1.05809
    83.832    1.05852
    84.165    1.05891
    84.498    1.05926
    84.832    1.05959
    85.165    1.05989
    85.498    1.06017
    85.831    1.06043
    86.165    1.06066
    86.498    1.06087
    86.831    1.06106
    87.165    1.06123
    87.498    1.06136
    87.831    1.06147
    88.165    1.06155
    88.498    1.06159
    88.831    1.06161
    89.164    1.06160
    89.498    1.06158
    89.831    1.06157
    90.164    1.06158
    90.498    1.06162
    90.831    1.06171
    91.164    1.06185
    91.498    1.06207
    91.831    1.06237
    92.164    1.06273
    92.497    1.06313
    92.831    1.06356
    93.164    1.06399
    93.497    1.06442
    93.831    1.06482
    94.164    1.06517
    94.497    1.06547
    94.831    1.06569
    95.164    1.06584
    95.497    1.06593
    95.830    1.06597
    96.164    1.06596
    96.497    1.06591
    96.830    1.06582
    97.164    1.06570
    97.497    1.06557
    97.830    1.06541
    98.164    1.06525
    98.497    1.06508
    98.830    1.06492
    99.163    1.06476
    99.497    1.06462
    99.830    1.06451
   100.163    1.06442
   100.497    1.06437
   100.830    1.06436
   101.163    1.06440
   101.497    1.06449
   101.830    1.06465
   102.163    1.06487
   102.496    1.06516
   102.830    1.06554
   103.163    1.06600
   103.496    1.06656
   103.830    1.06721
   104.163    1.06793
   104.496    1.06869
   104.830    1.06946
   105.163    1.07021
   105.496    1.07091
   105.829    1.07152
   106.163    1.07202
   106.496    1.07237
   106.829    1.07255
   107.163    1.07257
   107.496    1.07247
   107.829    1.07227
   108.163    1.07200
   108.496    1.07169
   108.829    1.07136
   109.162    1.07105
   109.496    1.07079
   109.829    1.07057
   110.162    1.07042
   110.496    1.07031
   110.829    1.07024
   111.162    1.07021
   111.496    1.07022
   111.829    1.07026
   112.162    1.07032
   112.495    1.07041
   112.829    1.07051
   113.162    1.07062
   113.495    1.07074
   113.829    1.07085
   114.162    1.07095
   114.495    1.07103
   114.829    1.07108
   115.162    1.07111
   115.495    1.07109
   115.828    1.07103
   116.162    1.07093
   116.495    1.07076
   116.828    1.07054
   117.162    1.07026
   117.495    1.06992
   117.828    1.06950
   118.162    1.06901
   118.495    1.06845
   118.828    1.06781
   119.161    1.06711
   119.495    1.06637
   119.828    1.06558
   120.161    1.06477
   120.495    1.06395
   120.828    1.06312
   121.161    1.06231
   121.495    1.06151
   121.828    1.06074
   122.161    1.06001
   122.494    1.05933
   122.828    1.05868
   123.161    1.05805
   123.494    1.05745
   123.828    1.05687
   124.161    1.05629
   124.494    1.05571
   124.828    1.05514
   125.161    1.05457
   125.494    1.05399
   125.827    1.05342
