#     crsv smooth20080
#
   128.500    0.73936
   128.833    0.73940
   129.167    0.73944
   129.500    0.73948
   129.833    0.73952
   130.167    0.73956
   130.500    0.73960
   130.833    0.73964
   131.166    0.73968
   131.500    0.73972
   131.833    0.73976
   132.166    0.73980
   132.500    0.73984
   132.833    0.73988
   133.166    0.73992
   133.500    0.73996
   133.833    0.74000
   134.166    0.74004
   134.499    0.74008
   134.833    0.74012
   135.166    0.74016
   135.499    0.74019
   135.833    0.74022
   136.166    0.74024
   136.499    0.74026
   136.833    0.74027
   137.166    0.74027
   137.499    0.74027
   137.832    0.74026
   138.166    0.74024
   138.499    0.74021
   138.832    0.74017
   139.166    0.74012
   139.499    0.74005
   139.832    0.73997
   140.166    0.73989
   140.499    0.73980
   140.832    0.73972
   141.165    0.73965
   141.499    0.73961
   141.832    0.73960
   142.165    0.73964
   142.499    0.73973
   142.832    0.73988
   143.165    0.74009
   143.499    0.74039
   143.832    0.74078
   144.165    0.74126
   144.498    0.74185
   144.832    0.74253
   145.165    0.74329
   145.498    0.74413
   145.832    0.74504
   146.165    0.74600
   146.498    0.74700
   146.832    0.74805
   147.165    0.74912
   147.498    0.75021
   147.831    0.75130
   148.165    0.75240
   148.498    0.75348
   148.831    0.75454
   149.165    0.75557
   149.498    0.75656
   149.831    0.75750
   150.165    0.75837
   150.498    0.75917
   150.831    0.75988
   151.164    0.76051
   151.498    0.76103
   151.831    0.76143
   152.164    0.76171
   152.498    0.76187
   152.831    0.76194
   153.164    0.76194
   153.498    0.76189
   153.831    0.76182
   154.164    0.76176
   154.497    0.76173
   154.831    0.76176
   155.164    0.76186
   155.497    0.76207
   155.831    0.76241
   156.164    0.76290
   156.497    0.76355
   156.831    0.76432
   157.164    0.76517
   157.497    0.76606
   157.830    0.76696
   158.164    0.76784
   158.497    0.76865
   158.830    0.76936
   159.164    0.76993
   159.497    0.77032
   159.830    0.77050
   160.163    0.77044
   160.497    0.77012
   160.830    0.76959
   161.163    0.76889
   161.497    0.76804
   161.830    0.76710
   162.163    0.76610
   162.497    0.76507
   162.830    0.76406
   163.163    0.76310
   163.496    0.76222
   163.830    0.76148
   164.163    0.76089
   164.496    0.76044
   164.830    0.76011
   165.163    0.75987
   165.496    0.75969
   165.830    0.75956
   166.163    0.75944
   166.496    0.75931
   166.830    0.75916
   167.163    0.75895
   167.496    0.75865
   167.829    0.75826
   168.163    0.75773
   168.496    0.75707
   168.829    0.75629
   169.163    0.75540
   169.496    0.75442
   169.829    0.75336
   170.163    0.75224
   170.496    0.75106
   170.829    0.74985
   171.162    0.74861
   171.496    0.74737
   171.829    0.74613
   172.162    0.74491
   172.496    0.74372
   172.829    0.74257
   173.162    0.74145
   173.496    0.74039
   173.829    0.73937
   174.162    0.73841
   174.495    0.73751
   174.829    0.73668
   175.162    0.73592
   175.495    0.73524
   175.829    0.73464
   176.162    0.73409
   176.495    0.73357
   176.829    0.73307
   177.162    0.73255
   177.495    0.73199
   177.828    0.73138
   178.162    0.73068
   178.495    0.72987
   178.828    0.72895
   179.162    0.72792
   179.495    0.72683
   179.828    0.72570
   180.162    0.72456
   180.495    0.72343
   180.828    0.72236
   181.161    0.72137
   181.495    0.72049
   181.828    0.71973
   182.161    0.71909
   182.495    0.71856
   182.828    0.71811
   183.161    0.71773
   183.495    0.71741
   183.828    0.71713
   184.161    0.71688
   184.494    0.71664
   184.828    0.71640
   185.161    0.71616
   185.494    0.71593
   185.828    0.71569
   186.161    0.71545
