#     crsv smooth20040
#
    66.500    0.92778
    66.833    0.92818
    67.167    0.92857
    67.500    0.92897
    67.833    0.92936
    68.166    0.92976
    68.500    0.93015
    68.833    0.93054
    69.166    0.93088
    69.500    0.93116
    69.833    0.93136
    70.166    0.93143
    70.500    0.93136
    70.833    0.93112
    71.166    0.93068
    71.499    0.93001
    71.833    0.92910
    72.166    0.92797
    72.499    0.92663
    72.833    0.92513
    73.166    0.92349
    73.499    0.92174
    73.833    0.91992
    74.166    0.91806
    74.499    0.91622
    74.832    0.91447
    75.166    0.91290
    75.499    0.91159
    75.832    0.91062
    76.166    0.91007
    76.499    0.90993
    76.832    0.91012
    77.166    0.91054
    77.499    0.91110
    77.832    0.91170
    78.166    0.91226
    78.499    0.91268
    78.832    0.91287
    79.165    0.91274
    79.499    0.91220
    79.832    0.91117
    80.165    0.90973
    80.499    0.90799
    80.832    0.90606
    81.165    0.90405
    81.499    0.90209
    81.832    0.90027
    82.165    0.89873
    82.498    0.89757
    82.832    0.89686
    83.165    0.89654
    83.498    0.89653
    83.832    0.89675
    84.165    0.89713
    84.498    0.89759
    84.832    0.89805
    85.165    0.89842
    85.498    0.89863
    85.831    0.89865
    86.165    0.89851
    86.498    0.89824
    86.831    0.89791
    87.165    0.89755
    87.498    0.89721
    87.831    0.89694
    88.165    0.89677
    88.498    0.89677
    88.831    0.89696
    89.164    0.89733
    89.498    0.89784
    89.831    0.89845
    90.164    0.89911
    90.498    0.89978
    90.831    0.90042
    91.164    0.90098
    91.498    0.90142
    91.831    0.90171
    92.164    0.90190
    92.497    0.90198
    92.831    0.90200
    93.164    0.90197
    93.497    0.90192
    93.831    0.90188
    94.164    0.90187
    94.497    0.90192
    94.831    0.90203
    95.164    0.90221
    95.497    0.90244
    95.830    0.90271
    96.164    0.90302
    96.497    0.90335
    96.830    0.90370
    97.164    0.90406
    97.497    0.90441
    97.830    0.90476
    98.164    0.90508
    98.497    0.90537
    98.830    0.90562
    99.163    0.90582
    99.497    0.90597
    99.830    0.90605
   100.163    0.90605
   100.497    0.90596
   100.830    0.90578
   101.163    0.90550
   101.497    0.90510
   101.830    0.90458
   102.163    0.90392
   102.496    0.90313
   102.830    0.90218
   103.163    0.90107
   103.496    0.89980
   103.830    0.89835
   104.163    0.89677
   104.496    0.89511
   104.830    0.89341
   105.163    0.89174
   105.496    0.89013
   105.829    0.88864
   106.163    0.88732
   106.496    0.88622
   106.829    0.88538
   107.163    0.88477
   107.496    0.88432
   107.829    0.88399
   108.163    0.88371
   108.496    0.88342
   108.829    0.88308
   109.162    0.88262
   109.496    0.88199
   109.829    0.88117
   110.162    0.88022
   110.496    0.87919
   110.829    0.87812
   111.162    0.87707
   111.496    0.87607
   111.829    0.87519
   112.162    0.87448
   112.495    0.87397
   112.829    0.87370
   113.162    0.87366
   113.495    0.87380
   113.829    0.87408
   114.162    0.87449
   114.495    0.87498
   114.829    0.87551
   115.162    0.87606
   115.495    0.87659
   115.828    0.87708
   116.162    0.87753
   116.495    0.87796
   116.828    0.87838
   117.162    0.87879
   117.495    0.87920
   117.828    0.87964
   118.162    0.88011
   118.495    0.88061
   118.828    0.88116
   119.161    0.88175
   119.495    0.88239
   119.828    0.88308
   120.161    0.88380
   120.495    0.88458
   120.828    0.88539
   121.161    0.88626
   121.495    0.88716
   121.828    0.88812
   122.161    0.88911
   122.494    0.89015
   122.828    0.89122
   123.161    0.89232
   123.494    0.89344
   123.828    0.89458
   124.161    0.89572
   124.494    0.89687
   124.828    0.89802
   125.161    0.89917
   125.494    0.90032
   125.827    0.90147
