#     crsv smooth19998
#
    66.500    1.16535
    66.833    1.16390
    67.167    1.16245
    67.500    1.16100
    67.833    1.15954
    68.166    1.15809
    68.500    1.15664
    68.833    1.15519
    69.166    1.15377
    69.500    1.15237
    69.833    1.15103
    70.166    1.14975
    70.500    1.14854
    70.833    1.14742
    71.166    1.14641
    71.499    1.14552
    71.833    1.14475
    72.166    1.14408
    72.499    1.14345
    72.833    1.14283
    73.166    1.14217
    73.499    1.14143
    73.833    1.14055
    74.166    1.13949
    74.499    1.13836
    74.832    1.13734
    75.166    1.13664
    75.499    1.13647
    75.832    1.13702
    76.166    1.13849
    76.499    1.14086
    76.832    1.14394
    77.166    1.14750
    77.499    1.15133
    77.832    1.15521
    78.166    1.15894
    78.499    1.16229
    78.832    1.16506
    79.165    1.16702
    79.499    1.16796
    79.832    1.16773
    80.165    1.16649
    80.499    1.16450
    80.832    1.16205
    81.165    1.15941
    81.499    1.15686
    81.832    1.15467
    82.165    1.15312
    82.498    1.15248
    82.832    1.15291
    83.165    1.15425
    83.498    1.15631
    83.832    1.15886
    84.165    1.16170
    84.498    1.16463
    84.832    1.16743
    85.165    1.16990
    85.498    1.17182
    85.831    1.17311
    86.165    1.17389
    86.498    1.17430
    86.831    1.17450
    87.165    1.17462
    87.498    1.17481
    87.831    1.17523
    88.165    1.17601
    88.498    1.17731
    88.831    1.17925
    89.164    1.18180
    89.498    1.18480
    89.831    1.18811
    90.164    1.19159
    90.498    1.19509
    90.831    1.19846
    91.164    1.20156
    91.498    1.20425
    91.831    1.20646
    92.164    1.20828
    92.497    1.20980
    92.831    1.21112
    93.164    1.21234
    93.497    1.21354
    93.831    1.21484
    94.164    1.21631
    94.497    1.21807
    94.831    1.22016
    95.164    1.22254
    95.497    1.22519
    95.830    1.22805
    96.164    1.23108
    96.497    1.23424
    96.830    1.23750
    97.164    1.24080
    97.497    1.24411
    97.830    1.24739
    98.164    1.25059
    98.497    1.25367
    98.830    1.25659
    99.163    1.25931
    99.497    1.26179
    99.830    1.26398
   100.163    1.26584
   100.497    1.26733
   100.830    1.26842
   101.163    1.26905
   101.497    1.26918
   101.830    1.26879
   102.163    1.26781
   102.496    1.26621
   102.830    1.26395
   103.163    1.26099
   103.496    1.25729
   103.830    1.25283
   104.163    1.24775
   104.496    1.24225
   104.830    1.23652
   105.163    1.23074
   105.496    1.22511
   105.829    1.21981
   106.163    1.21503
   106.496    1.21096
   106.829    1.20776
   107.163    1.20534
   107.496    1.20355
   107.829    1.20222
   108.163    1.20120
   108.496    1.20031
   108.829    1.19941
   109.162    1.19832
   109.496    1.19690
   109.829    1.19511
   110.162    1.19304
   110.496    1.19081
   110.829    1.18852
   111.162    1.18627
   111.496    1.18419
   111.829    1.18237
   112.162    1.18092
   112.495    1.17994
   112.829    1.17951
   113.162    1.17956
   113.495    1.17997
   113.829    1.18067
   114.162    1.18156
   114.495    1.18253
   114.829    1.18349
   115.162    1.18435
   115.495    1.18500
   115.828    1.18539
   116.162    1.18551
   116.495    1.18537
   116.828    1.18498
   117.162    1.18435
   117.495    1.18350
   117.828    1.18243
   118.162    1.18116
   118.495    1.17969
   118.828    1.17804
   119.161    1.17624
   119.495    1.17432
   119.828    1.17229
   120.161    1.17018
   120.495    1.16803
   120.828    1.16585
   121.161    1.16366
   121.495    1.16150
   121.828    1.15939
   122.161    1.15735
   122.494    1.15538
   122.828    1.15347
   123.161    1.15160
   123.494    1.14978
   123.828    1.14798
   124.161    1.14619
   124.494    1.14441
   124.828    1.14264
   125.161    1.14086
   125.494    1.13908
   125.827    1.13730
