#     crsv smooth20004
#
   128.500    1.10596
   128.833    1.10622
   129.167    1.10649
   129.500    1.10676
   129.833    1.10702
   130.167    1.10729
   130.500    1.10756
   130.833    1.10782
   131.166    1.10809
   131.500    1.10836
   131.833    1.10862
   132.166    1.10889
   132.500    1.10916
   132.833    1.10942
   133.166    1.10969
   133.500    1.10996
   133.833    1.11022
   134.166    1.11049
   134.499    1.11075
   134.833    1.11100
   135.166    1.11125
   135.499    1.11148
   135.833    1.11168
   136.166    1.11187
   136.499    1.11203
   136.833    1.11216
   137.166    1.11226
   137.499    1.11232
   137.832    1.11234
   138.166    1.11232
   138.499    1.11225
   138.832    1.11212
   139.166    1.11194
   139.499    1.11170
   139.832    1.11140
   140.166    1.11104
   140.499    1.11062
   140.832    1.11015
   141.165    1.10964
   141.499    1.10910
   141.832    1.10854
   142.165    1.10796
   142.499    1.10737
   142.832    1.10678
   143.165    1.10619
   143.499    1.10561
   143.832    1.10506
   144.165    1.10454
   144.498    1.10405
   144.832    1.10359
   145.165    1.10316
   145.498    1.10276
   145.832    1.10238
   146.165    1.10202
   146.498    1.10167
   146.832    1.10134
   147.165    1.10102
   147.498    1.10071
   147.831    1.10040
   148.165    1.10009
   148.498    1.09978
   148.831    1.09946
   149.165    1.09912
   149.498    1.09878
   149.831    1.09841
   150.165    1.09801
   150.498    1.09758
   150.831    1.09711
   151.164    1.09661
   151.498    1.09606
   151.831    1.09546
   152.164    1.09480
   152.498    1.09409
   152.831    1.09335
   153.164    1.09258
   153.498    1.09179
   153.831    1.09102
   154.164    1.09025
   154.497    1.08952
   154.831    1.08883
   155.164    1.08819
   155.497    1.08763
   155.831    1.08715
   156.164    1.08677
   156.497    1.08649
   156.831    1.08630
   157.164    1.08619
   157.497    1.08616
   157.830    1.08619
   158.164    1.08628
   158.497    1.08641
   158.830    1.08658
   159.164    1.08677
   159.497    1.08697
   159.830    1.08719
   160.163    1.08740
   160.497    1.08760
   160.830    1.08780
   161.163    1.08799
   161.497    1.08818
   161.830    1.08837
   162.163    1.08856
   162.497    1.08876
   162.830    1.08896
   163.163    1.08916
   163.496    1.08938
   163.830    1.08961
   164.163    1.08985
   164.496    1.09009
   164.830    1.09034
   165.163    1.09060
   165.496    1.09084
   165.830    1.09109
   166.163    1.09132
   166.496    1.09153
   166.830    1.09172
   167.163    1.09190
   167.496    1.09204
   167.829    1.09215
   168.163    1.09223
   168.496    1.09228
   168.829    1.09229
   169.163    1.09228
   169.496    1.09224
   169.829    1.09219
   170.163    1.09213
   170.496    1.09206
   170.829    1.09199
   171.162    1.09193
   171.496    1.09187
   171.829    1.09182
   172.162    1.09179
   172.496    1.09178
   172.829    1.09178
   173.162    1.09180
   173.496    1.09184
   173.829    1.09188
   174.162    1.09193
   174.495    1.09200
   174.829    1.09206
   175.162    1.09213
   175.495    1.09221
   175.829    1.09228
   176.162    1.09235
   176.495    1.09242
   176.829    1.09248
   177.162    1.09254
   177.495    1.09260
   177.828    1.09264
   178.162    1.09268
   178.495    1.09270
   178.828    1.09271
   179.162    1.09271
   179.495    1.09270
   179.828    1.09267
   180.162    1.09263
   180.495    1.09257
   180.828    1.09249
   181.161    1.09240
   181.495    1.09228
   181.828    1.09215
   182.161    1.09200
   182.495    1.09183
   182.828    1.09166
   183.161    1.09147
   183.495    1.09127
   183.828    1.09107
   184.161    1.09086
   184.494    1.09065
   184.828    1.09044
   185.161    1.09023
   185.494    1.09002
   185.828    1.08981
   186.161    1.08960
