#     crsv smooth20090
#
    66.500    0.78427
    66.833    0.78513
    67.167    0.78599
    67.500    0.78685
    67.833    0.78771
    68.166    0.78857
    68.500    0.78943
    68.833    0.79028
    69.166    0.79107
    69.500    0.79178
    69.833    0.79236
    70.166    0.79278
    70.500    0.79300
    70.833    0.79299
    71.166    0.79270
    71.499    0.79211
    71.833    0.79119
    72.166    0.78999
    72.499    0.78860
    72.833    0.78712
    73.166    0.78563
    73.499    0.78422
    73.833    0.78297
    74.166    0.78198
    74.499    0.78124
    74.832    0.78065
    75.166    0.78014
    75.499    0.77961
    75.832    0.77897
    76.166    0.77814
    76.499    0.77709
    76.832    0.77583
    77.166    0.77438
    77.499    0.77277
    77.832    0.77101
    78.166    0.76913
    78.499    0.76715
    78.832    0.76508
    79.165    0.76294
    79.499    0.76077
    79.832    0.75857
    80.165    0.75639
    80.499    0.75428
    80.832    0.75228
    81.165    0.75044
    81.499    0.74881
    81.832    0.74743
    82.165    0.74635
    82.498    0.74562
    82.832    0.74526
    83.165    0.74520
    83.498    0.74539
    83.832    0.74574
    84.165    0.74620
    84.498    0.74668
    84.832    0.74713
    85.165    0.74746
    85.498    0.74762
    85.831    0.74756
    86.165    0.74730
    86.498    0.74688
    86.831    0.74630
    87.165    0.74561
    87.498    0.74482
    87.831    0.74397
    88.165    0.74307
    88.498    0.74216
    88.831    0.74126
    89.164    0.74040
    89.498    0.73962
    89.831    0.73894
    90.164    0.73840
    90.498    0.73802
    90.831    0.73785
    91.164    0.73790
    91.498    0.73822
    91.831    0.73881
    92.164    0.73960
    92.497    0.74054
    92.831    0.74157
    93.164    0.74263
    93.497    0.74365
    93.831    0.74458
    94.164    0.74535
    94.497    0.74592
    94.831    0.74623
    95.164    0.74631
    95.497    0.74617
    95.830    0.74583
    96.164    0.74531
    96.497    0.74462
    96.830    0.74379
    97.164    0.74284
    97.497    0.74177
    97.830    0.74061
    98.164    0.73938
    98.497    0.73810
    98.830    0.73677
    99.163    0.73543
    99.497    0.73409
    99.830    0.73277
   100.163    0.73148
   100.497    0.73025
   100.830    0.72909
   101.163    0.72802
   101.497    0.72706
   101.830    0.72622
   102.163    0.72553
   102.496    0.72501
   102.830    0.72466
   103.163    0.72452
   103.496    0.72459
   103.830    0.72488
   104.163    0.72535
   104.496    0.72593
   104.830    0.72655
   105.163    0.72715
   105.496    0.72765
   105.829    0.72800
   106.163    0.72812
   106.496    0.72795
   106.829    0.72744
   107.163    0.72663
   107.496    0.72561
   107.829    0.72447
   108.163    0.72327
   108.496    0.72212
   108.829    0.72108
   109.162    0.72024
   109.496    0.71969
   109.829    0.71944
   110.162    0.71947
   110.496    0.71973
   110.829    0.72018
   111.162    0.72080
   111.496    0.72153
   111.829    0.72235
   112.162    0.72321
   112.495    0.72407
   112.829    0.72490
   113.162    0.72571
   113.495    0.72648
   113.829    0.72721
   114.162    0.72791
   114.495    0.72857
   114.829    0.72919
   115.162    0.72976
   115.495    0.73030
   115.828    0.73078
   116.162    0.73119
   116.495    0.73152
   116.828    0.73174
   117.162    0.73183
   117.495    0.73177
   117.828    0.73154
   118.162    0.73112
   118.495    0.73050
   118.828    0.72971
   119.161    0.72883
   119.495    0.72793
   119.828    0.72710
   120.161    0.72642
   120.495    0.72596
   120.828    0.72580
   121.161    0.72602
   121.495    0.72669
   121.828    0.72790
   122.161    0.72972
   122.494    0.73209
   122.828    0.73494
   123.161    0.73817
   123.494    0.74170
   123.828    0.74545
   124.161    0.74933
   124.494    0.75326
   124.828    0.75718
   125.161    0.76111
   125.494    0.76503
   125.827    0.76896
