#     crsv smooth20020
#
   128.500    0.97867
   128.833    0.97836
   129.167    0.97805
   129.500    0.97774
   129.833    0.97742
   130.167    0.97711
   130.500    0.97680
   130.833    0.97649
   131.166    0.97617
   131.500    0.97586
   131.833    0.97555
   132.166    0.97524
   132.500    0.97492
   132.833    0.97461
   133.166    0.97430
   133.500    0.97399
   133.833    0.97367
   134.166    0.97336
   134.499    0.97305
   134.833    0.97275
   135.166    0.97245
   135.499    0.97217
   135.833    0.97189
   136.166    0.97164
   136.499    0.97140
   136.833    0.97118
   137.166    0.97098
   137.499    0.97081
   137.832    0.97066
   138.166    0.97055
   138.499    0.97047
   138.832    0.97043
   139.166    0.97042
   139.499    0.97045
   139.832    0.97053
   140.166    0.97065
   140.499    0.97080
   140.832    0.97099
   141.165    0.97120
   141.499    0.97144
   141.832    0.97168
   142.165    0.97194
   142.499    0.97220
   142.832    0.97245
   143.165    0.97270
   143.499    0.97293
   143.832    0.97314
   144.165    0.97332
   144.498    0.97347
   144.832    0.97360
   145.165    0.97370
   145.498    0.97378
   145.832    0.97383
   146.165    0.97387
   146.498    0.97390
   146.832    0.97391
   147.165    0.97391
   147.498    0.97391
   147.831    0.97390
   148.165    0.97390
   148.498    0.97389
   148.831    0.97389
   149.165    0.97389
   149.498    0.97390
   149.831    0.97393
   150.165    0.97396
   150.498    0.97401
   150.831    0.97408
   151.164    0.97417
   151.498    0.97428
   151.831    0.97441
   152.164    0.97458
   152.498    0.97476
   152.831    0.97497
   153.164    0.97519
   153.498    0.97542
   153.831    0.97565
   154.164    0.97589
   154.497    0.97611
   154.831    0.97632
   155.164    0.97652
   155.497    0.97669
   155.831    0.97683
   156.164    0.97694
   156.497    0.97701
   156.831    0.97704
   157.164    0.97705
   157.497    0.97704
   157.830    0.97700
   158.164    0.97694
   158.497    0.97688
   158.830    0.97680
   159.164    0.97671
   159.497    0.97663
   159.830    0.97654
   160.163    0.97646
   160.497    0.97639
   160.830    0.97633
   161.163    0.97626
   161.497    0.97620
   161.830    0.97615
   162.163    0.97609
   162.497    0.97604
   162.830    0.97598
   163.163    0.97593
   163.496    0.97586
   163.830    0.97580
   164.163    0.97573
   164.496    0.97565
   164.830    0.97557
   165.163    0.97550
   165.496    0.97542
   165.830    0.97535
   166.163    0.97528
   166.496    0.97522
   166.830    0.97518
   167.163    0.97514
   167.496    0.97511
   167.829    0.97510
   168.163    0.97510
   168.496    0.97513
   168.829    0.97516
   169.163    0.97520
   169.496    0.97525
   169.829    0.97530
   170.163    0.97534
   170.496    0.97539
   170.829    0.97542
   171.162    0.97544
   171.496    0.97544
   171.829    0.97542
   172.162    0.97538
   172.496    0.97532
   172.829    0.97523
   173.162    0.97514
   173.496    0.97504
   173.829    0.97494
   174.162    0.97484
   174.495    0.97475
   174.829    0.97468
   175.162    0.97462
   175.495    0.97460
   175.829    0.97460
   176.162    0.97463
   176.495    0.97468
   176.829    0.97473
   177.162    0.97479
   177.495    0.97484
   177.828    0.97488
   178.162    0.97490
   178.495    0.97490
   178.828    0.97487
   179.162    0.97481
   179.495    0.97472
   179.828    0.97463
   180.162    0.97452
   180.495    0.97441
   180.828    0.97429
   181.161    0.97418
   181.495    0.97409
   181.828    0.97401
   182.161    0.97394
   182.495    0.97388
   182.828    0.97384
   183.161    0.97380
   183.495    0.97377
   183.828    0.97374
   184.161    0.97372
   184.494    0.97369
   184.828    0.97367
   185.161    0.97365
   185.494    0.97363
   185.828    0.97361
   186.161    0.97359
