#     crsv smooth20100
#
   128.500    0.65637
   128.833    0.65694
   129.167    0.65751
   129.500    0.65808
   129.833    0.65864
   130.167    0.65921
   130.500    0.65978
   130.833    0.66034
   131.166    0.66091
   131.500    0.66148
   131.833    0.66205
   132.166    0.66261
   132.500    0.66318
   132.833    0.66375
   133.166    0.66431
   133.500    0.66488
   133.833    0.66545
   134.166    0.66601
   134.499    0.66657
   134.833    0.66712
   135.166    0.66766
   135.499    0.66817
   135.833    0.66866
   136.166    0.66911
   136.499    0.66954
   136.833    0.66991
   137.166    0.67025
   137.499    0.67053
   137.832    0.67075
   138.166    0.67091
   138.499    0.67101
   138.832    0.67103
   139.166    0.67098
   139.499    0.67085
   139.832    0.67062
   140.166    0.67032
   140.499    0.66995
   140.832    0.66954
   141.165    0.66912
   141.499    0.66870
   141.832    0.66831
   142.165    0.66796
   142.499    0.66769
   142.832    0.66751
   143.165    0.66744
   143.499    0.66752
   143.832    0.66775
   144.165    0.66816
   144.498    0.66877
   144.832    0.66955
   145.165    0.67051
   145.498    0.67160
   145.832    0.67282
   146.165    0.67415
   146.498    0.67557
   146.832    0.67706
   147.165    0.67861
   147.498    0.68019
   147.831    0.68178
   148.165    0.68338
   148.498    0.68496
   148.831    0.68650
   149.165    0.68799
   149.498    0.68941
   149.831    0.69073
   150.165    0.69195
   150.498    0.69304
   150.831    0.69398
   151.164    0.69476
   151.498    0.69536
   151.831    0.69577
   152.164    0.69596
   152.498    0.69594
   152.831    0.69576
   153.164    0.69546
   153.498    0.69508
   153.831    0.69466
   154.164    0.69426
   154.497    0.69391
   154.831    0.69365
   155.164    0.69353
   155.497    0.69360
   155.831    0.69389
   156.164    0.69444
   156.497    0.69527
   156.831    0.69631
   157.164    0.69751
   157.497    0.69881
   157.830    0.70015
   158.164    0.70147
   158.497    0.70273
   158.830    0.70385
   159.164    0.70478
   159.497    0.70546
   159.830    0.70584
   160.163    0.70586
   160.497    0.70552
   160.830    0.70486
   161.163    0.70394
   161.497    0.70283
   161.830    0.70157
   162.163    0.70022
   162.497    0.69884
   162.830    0.69748
   163.163    0.69619
   163.496    0.69504
   163.830    0.69408
   164.163    0.69334
   164.496    0.69281
   164.830    0.69244
   165.163    0.69221
   165.496    0.69206
   165.830    0.69197
   166.163    0.69190
   166.496    0.69180
   166.830    0.69165
   167.163    0.69140
   167.496    0.69102
   167.829    0.69047
   168.163    0.68971
   168.496    0.68874
   168.829    0.68758
   169.163    0.68625
   169.496    0.68479
   169.829    0.68321
   170.163    0.68155
   170.496    0.67982
   170.829    0.67805
   171.162    0.67628
   171.496    0.67452
   171.829    0.67280
   172.162    0.67114
   172.496    0.66956
   172.829    0.66806
   173.162    0.66664
   173.496    0.66529
   173.829    0.66402
   174.162    0.66282
   174.495    0.66169
   174.829    0.66063
   175.162    0.65964
   175.495    0.65872
   175.829    0.65786
   176.162    0.65704
   176.495    0.65624
   176.829    0.65544
   177.162    0.65462
   177.495    0.65375
   177.828    0.65282
   178.162    0.65179
   178.495    0.65066
   178.828    0.64941
   179.162    0.64806
   179.495    0.64665
   179.828    0.64521
   180.162    0.64377
   180.495    0.64238
   180.828    0.64106
   181.161    0.63984
   181.495    0.63876
   181.828    0.63785
   182.161    0.63708
   182.495    0.63644
   182.828    0.63591
   183.161    0.63547
   183.495    0.63510
   183.828    0.63479
   184.161    0.63450
   184.494    0.63424
   184.828    0.63397
   185.161    0.63370
   185.494    0.63344
   185.828    0.63317
   186.161    0.63290
