#     crsv smooth20007
#
   128.500    1.06319
   128.833    1.06362
   129.167    1.06404
   129.500    1.06446
   129.833    1.06488
   130.167    1.06530
   130.500    1.06572
   130.833    1.06614
   131.166    1.06656
   131.500    1.06699
   131.833    1.06741
   132.166    1.06783
   132.500    1.06825
   132.833    1.06867
   133.166    1.06909
   133.500    1.06951
   133.833    1.06994
   134.166    1.07036
   134.499    1.07077
   134.833    1.07118
   135.166    1.07157
   135.499    1.07195
   135.833    1.07231
   136.166    1.07265
   136.499    1.07295
   136.833    1.07322
   137.166    1.07346
   137.499    1.07365
   137.832    1.07380
   138.166    1.07390
   138.499    1.07395
   138.832    1.07394
   139.166    1.07387
   139.499    1.07373
   139.832    1.07353
   140.166    1.07326
   140.499    1.07292
   140.832    1.07254
   141.165    1.07211
   141.499    1.07165
   141.832    1.07117
   142.165    1.07067
   142.499    1.07016
   142.832    1.06966
   143.165    1.06917
   143.499    1.06870
   143.832    1.06826
   144.165    1.06785
   144.498    1.06750
   144.832    1.06718
   145.165    1.06690
   145.498    1.06666
   145.832    1.06645
   146.165    1.06626
   146.498    1.06609
   146.832    1.06595
   147.165    1.06581
   147.498    1.06569
   147.831    1.06557
   148.165    1.06546
   148.498    1.06534
   148.831    1.06522
   149.165    1.06508
   149.498    1.06493
   149.831    1.06476
   150.165    1.06456
   150.498    1.06434
   150.831    1.06408
   151.164    1.06378
   151.498    1.06343
   151.831    1.06304
   152.164    1.06259
   152.498    1.06210
   152.831    1.06157
   153.164    1.06100
   153.498    1.06043
   153.831    1.05985
   154.164    1.05928
   154.497    1.05873
   154.831    1.05821
   155.164    1.05774
   155.497    1.05733
   155.831    1.05698
   156.164    1.05671
   156.497    1.05652
   156.831    1.05641
   157.164    1.05637
   157.497    1.05639
   157.830    1.05645
   158.164    1.05656
   158.497    1.05670
   158.830    1.05686
   159.164    1.05704
   159.497    1.05722
   159.830    1.05741
   160.163    1.05758
   160.497    1.05774
   160.830    1.05789
   161.163    1.05803
   161.497    1.05816
   161.830    1.05829
   162.163    1.05842
   162.497    1.05854
   162.830    1.05867
   163.163    1.05881
   163.496    1.05895
   163.830    1.05910
   164.163    1.05927
   164.496    1.05944
   164.830    1.05962
   165.163    1.05979
   165.496    1.05997
   165.830    1.06013
   166.163    1.06029
   166.496    1.06043
   166.830    1.06056
   167.163    1.06066
   167.496    1.06074
   167.829    1.06079
   168.163    1.06080
   168.496    1.06079
   168.829    1.06075
   169.163    1.06068
   169.496    1.06061
   169.829    1.06052
   170.163    1.06043
   170.496    1.06034
   170.829    1.06025
   171.162    1.06018
   171.496    1.06013
   171.829    1.06010
   172.162    1.06010
   172.496    1.06013
   172.829    1.06019
   173.162    1.06026
   173.496    1.06035
   173.829    1.06044
   174.162    1.06054
   174.495    1.06063
   174.829    1.06070
   175.162    1.06076
   175.495    1.06080
   175.829    1.06081
   176.162    1.06080
   176.495    1.06078
   176.829    1.06074
   177.162    1.06070
   177.495    1.06066
   177.828    1.06063
   178.162    1.06060
   178.495    1.06060
   178.828    1.06062
   179.162    1.06065
   179.495    1.06070
   179.828    1.06076
   180.162    1.06082
   180.495    1.06088
   180.828    1.06094
   181.161    1.06098
   181.495    1.06100
   181.828    1.06101
   182.161    1.06099
   182.495    1.06096
   182.828    1.06092
   183.161    1.06087
   183.495    1.06080
   183.828    1.06073
   184.161    1.06066
   184.494    1.06058
   184.828    1.06051
   185.161    1.06043
   185.494    1.06035
   185.828    1.06028
   186.161    1.06020
