#     crsv smooth20100
#
    66.500    0.75540
    66.833    0.75638
    67.167    0.75736
    67.500    0.75834
    67.833    0.75932
    68.166    0.76030
    68.500    0.76128
    68.833    0.76224
    69.166    0.76315
    69.500    0.76396
    69.833    0.76464
    70.166    0.76514
    70.500    0.76543
    70.833    0.76547
    71.166    0.76521
    71.499    0.76461
    71.833    0.76366
    72.166    0.76242
    72.499    0.76100
    72.833    0.75951
    73.166    0.75805
    73.499    0.75674
    73.833    0.75567
    74.166    0.75495
    74.499    0.75455
    74.832    0.75434
    75.166    0.75418
    75.499    0.75393
    75.832    0.75345
    76.166    0.75261
    76.499    0.75137
    76.832    0.74977
    77.166    0.74788
    77.499    0.74573
    77.832    0.74339
    78.166    0.74091
    78.499    0.73834
    78.832    0.73573
    79.165    0.73313
    79.499    0.73060
    79.832    0.72819
    80.165    0.72592
    80.499    0.72382
    80.832    0.72192
    81.165    0.72024
    81.499    0.71879
    81.832    0.71761
    82.165    0.71672
    82.498    0.71614
    82.832    0.71587
    83.165    0.71587
    83.498    0.71607
    83.832    0.71640
    84.165    0.71682
    84.498    0.71724
    84.832    0.71763
    85.165    0.71790
    85.498    0.71801
    85.831    0.71791
    86.165    0.71762
    86.498    0.71716
    86.831    0.71654
    87.165    0.71579
    87.498    0.71493
    87.831    0.71396
    88.165    0.71292
    88.498    0.71182
    88.831    0.71069
    89.164    0.70955
    89.498    0.70847
    89.831    0.70748
    90.164    0.70665
    90.498    0.70602
    90.831    0.70563
    91.164    0.70555
    91.498    0.70582
    91.831    0.70644
    92.164    0.70735
    92.497    0.70845
    92.831    0.70969
    93.164    0.71096
    93.497    0.71221
    93.831    0.71333
    94.164    0.71427
    94.497    0.71494
    94.831    0.71528
    95.164    0.71533
    95.497    0.71510
    95.830    0.71461
    96.164    0.71390
    96.497    0.71299
    96.830    0.71189
    97.164    0.71064
    97.497    0.70926
    97.830    0.70777
    98.164    0.70620
    98.497    0.70457
    98.830    0.70291
    99.163    0.70124
    99.497    0.69958
    99.830    0.69796
   100.163    0.69640
   100.497    0.69493
   100.830    0.69358
   101.163    0.69236
   101.497    0.69130
   101.830    0.69042
   102.163    0.68975
   102.496    0.68932
   102.830    0.68914
   103.163    0.68925
   103.496    0.68966
   103.830    0.69039
   104.163    0.69136
   104.496    0.69248
   104.830    0.69366
   105.163    0.69480
   105.496    0.69581
   105.829    0.69660
   106.163    0.69707
   106.496    0.69713
   106.829    0.69670
   107.163    0.69587
   107.496    0.69474
   107.829    0.69343
   108.163    0.69207
   108.496    0.69078
   108.829    0.68967
   109.162    0.68887
   109.496    0.68848
   109.829    0.68855
   110.162    0.68901
   110.496    0.68979
   110.829    0.69082
   111.162    0.69204
   111.496    0.69338
   111.829    0.69476
   112.162    0.69612
   112.495    0.69740
   112.829    0.69853
   113.162    0.69953
   113.495    0.70041
   113.829    0.70118
   114.162    0.70185
   114.495    0.70244
   114.829    0.70297
   115.162    0.70344
   115.495    0.70388
   115.828    0.70427
   116.162    0.70461
   116.495    0.70485
   116.828    0.70497
   117.162    0.70494
   117.495    0.70472
   117.828    0.70430
   118.162    0.70363
   118.495    0.70270
   118.828    0.70155
   119.161    0.70028
   119.495    0.69897
   119.828    0.69773
   120.161    0.69666
   120.495    0.69586
   120.828    0.69541
   121.161    0.69541
   121.495    0.69598
   121.828    0.69719
   122.161    0.69913
   122.494    0.70176
   122.828    0.70496
   123.161    0.70863
   123.494    0.71267
   123.828    0.71698
   124.161    0.72144
   124.494    0.72595
   124.828    0.73047
   125.161    0.73498
   125.494    0.73950
   125.827    0.74402
