#     crsv smooth20050
#
    66.500    0.89897
    66.833    0.89947
    67.167    0.89998
    67.500    0.90048
    67.833    0.90099
    68.166    0.90149
    68.500    0.90199
    68.833    0.90249
    69.166    0.90294
    69.500    0.90332
    69.833    0.90360
    70.166    0.90376
    70.500    0.90375
    70.833    0.90357
    71.166    0.90316
    71.499    0.90251
    71.833    0.90160
    72.166    0.90044
    72.499    0.89907
    72.833    0.89752
    73.166    0.89585
    73.499    0.89407
    73.833    0.89223
    74.166    0.89036
    74.499    0.88853
    74.832    0.88679
    75.166    0.88522
    75.499    0.88389
    75.832    0.88286
    76.166    0.88221
    76.499    0.88192
    76.832    0.88190
    77.166    0.88208
    77.499    0.88237
    77.832    0.88268
    78.166    0.88294
    78.499    0.88304
    78.832    0.88292
    79.165    0.88248
    79.499    0.88163
    79.832    0.88033
    80.165    0.87863
    80.499    0.87665
    80.832    0.87451
    81.165    0.87233
    81.499    0.87021
    81.832    0.86829
    82.165    0.86667
    82.498    0.86547
    82.832    0.86475
    83.165    0.86446
    83.498    0.86451
    83.832    0.86481
    84.165    0.86527
    84.498    0.86581
    84.832    0.86634
    85.165    0.86678
    85.498    0.86704
    85.831    0.86708
    86.165    0.86693
    86.498    0.86665
    86.831    0.86627
    87.165    0.86584
    87.498    0.86542
    87.831    0.86504
    88.165    0.86475
    88.498    0.86461
    88.831    0.86465
    89.164    0.86486
    89.498    0.86521
    89.831    0.86567
    90.164    0.86620
    90.498    0.86676
    90.831    0.86733
    91.164    0.86786
    91.498    0.86833
    91.831    0.86871
    92.164    0.86902
    92.497    0.86926
    92.831    0.86946
    93.164    0.86962
    93.497    0.86975
    93.831    0.86987
    94.164    0.87000
    94.497    0.87014
    94.831    0.87030
    95.164    0.87047
    95.497    0.87066
    95.830    0.87086
    96.164    0.87105
    96.497    0.87125
    96.830    0.87143
    97.164    0.87159
    97.497    0.87174
    97.830    0.87186
    98.164    0.87194
    98.497    0.87199
    98.830    0.87200
    99.163    0.87196
    99.497    0.87187
    99.830    0.87171
   100.163    0.87150
   100.497    0.87121
   100.830    0.87085
   101.163    0.87040
   101.497    0.86987
   101.830    0.86925
   102.163    0.86854
   102.496    0.86772
   102.830    0.86679
   103.163    0.86575
   103.496    0.86459
   103.830    0.86331
   104.163    0.86194
   104.496    0.86051
   104.830    0.85906
   105.163    0.85762
   105.496    0.85624
   105.829    0.85493
   106.163    0.85375
   106.496    0.85272
   106.829    0.85187
   107.163    0.85118
   107.496    0.85060
   107.829    0.85009
   108.163    0.84961
   108.496    0.84912
   108.829    0.84856
   109.162    0.84791
   109.496    0.84712
   109.829    0.84618
   110.162    0.84515
   110.496    0.84406
   110.829    0.84297
   111.162    0.84192
   111.496    0.84096
   111.829    0.84014
   112.162    0.83949
   112.495    0.83908
   112.829    0.83892
   113.162    0.83899
   113.495    0.83925
   113.829    0.83967
   114.162    0.84021
   114.495    0.84083
   114.829    0.84150
   115.162    0.84217
   115.495    0.84281
   115.828    0.84340
   116.162    0.84394
   116.495    0.84444
   116.828    0.84490
   117.162    0.84533
   117.495    0.84574
   117.828    0.84615
   118.162    0.84654
   118.495    0.84694
   118.828    0.84736
   119.161    0.84780
   119.495    0.84828
   119.828    0.84881
   120.161    0.84940
   120.495    0.85006
   120.828    0.85081
   121.161    0.85166
   121.495    0.85261
   121.828    0.85368
   122.161    0.85489
   122.494    0.85621
   122.828    0.85763
   123.161    0.85914
   123.494    0.86071
   123.828    0.86233
   124.161    0.86397
   124.494    0.86562
   124.828    0.86728
   125.161    0.86893
   125.494    0.87059
   125.827    0.87224
