#     crsv smooth20050
#
   128.500    0.86259
   128.833    0.86193
   129.167    0.86127
   129.500    0.86061
   129.833    0.85995
   130.167    0.85929
   130.500    0.85863
   130.833    0.85797
   131.166    0.85732
   131.500    0.85666
   131.833    0.85600
   132.166    0.85534
   132.500    0.85468
   132.833    0.85402
   133.166    0.85336
   133.500    0.85270
   133.833    0.85204
   134.166    0.85139
   134.499    0.85073
   134.833    0.85009
   135.166    0.84947
   135.499    0.84886
   135.833    0.84828
   136.166    0.84773
   136.499    0.84722
   136.833    0.84674
   137.166    0.84632
   137.499    0.84594
   137.832    0.84562
   138.166    0.84536
   138.499    0.84516
   138.832    0.84504
   139.166    0.84499
   139.499    0.84503
   139.832    0.84515
   140.166    0.84535
   140.499    0.84563
   140.832    0.84599
   141.165    0.84640
   141.499    0.84686
   141.832    0.84737
   142.165    0.84791
   142.499    0.84848
   142.832    0.84906
   143.165    0.84965
   143.499    0.85023
   143.832    0.85081
   144.165    0.85137
   144.498    0.85190
   144.832    0.85240
   145.165    0.85289
   145.498    0.85335
   145.832    0.85379
   146.165    0.85422
   146.498    0.85463
   146.832    0.85503
   147.165    0.85542
   147.498    0.85580
   147.831    0.85617
   148.165    0.85653
   148.498    0.85689
   148.831    0.85725
   149.165    0.85761
   149.498    0.85796
   149.831    0.85832
   150.165    0.85868
   150.498    0.85903
   150.831    0.85939
   151.164    0.85975
   151.498    0.86012
   151.831    0.86049
   152.164    0.86087
   152.498    0.86125
   152.831    0.86164
   153.164    0.86203
   153.498    0.86243
   153.831    0.86283
   154.164    0.86323
   154.497    0.86364
   154.831    0.86404
   155.164    0.86444
   155.497    0.86485
   155.831    0.86525
   156.164    0.86565
   156.497    0.86604
   156.831    0.86642
   157.164    0.86678
   157.497    0.86712
   157.830    0.86741
   158.164    0.86766
   158.497    0.86786
   158.830    0.86800
   159.164    0.86807
   159.497    0.86807
   159.830    0.86798
   160.163    0.86781
   160.497    0.86754
   160.830    0.86720
   161.163    0.86680
   161.497    0.86636
   161.830    0.86587
   162.163    0.86537
   162.497    0.86486
   162.830    0.86435
   163.163    0.86386
   163.496    0.86340
   163.830    0.86299
   164.163    0.86263
   164.496    0.86232
   164.830    0.86206
   165.163    0.86184
   165.496    0.86164
   165.830    0.86148
   166.163    0.86132
   166.496    0.86118
   166.830    0.86105
   167.163    0.86091
   167.496    0.86076
   167.829    0.86059
   168.163    0.86041
   168.496    0.86019
   168.829    0.85995
   169.163    0.85968
   169.496    0.85938
   169.829    0.85905
   170.163    0.85869
   170.496    0.85829
   170.829    0.85786
   171.162    0.85739
   171.496    0.85688
   171.829    0.85634
   172.162    0.85576
   172.496    0.85515
   172.829    0.85451
   173.162    0.85387
   173.496    0.85323
   173.829    0.85261
   174.162    0.85202
   174.495    0.85148
   174.829    0.85100
   175.162    0.85060
   175.495    0.85027
   175.829    0.85004
   176.162    0.84989
   176.495    0.84977
   176.829    0.84969
   177.162    0.84960
   177.495    0.84949
   177.828    0.84934
   178.162    0.84911
   178.495    0.84879
   178.828    0.84836
   179.162    0.84783
   179.495    0.84723
   179.828    0.84657
   180.162    0.84589
   180.495    0.84521
   180.828    0.84453
   181.161    0.84390
   181.495    0.84333
   181.828    0.84283
   182.161    0.84239
   182.495    0.84202
   182.828    0.84170
   183.161    0.84142
   183.495    0.84118
   183.828    0.84096
   184.161    0.84075
   184.494    0.84055
   184.828    0.84035
   185.161    0.84016
   185.494    0.83996
   185.828    0.83976
   186.161    0.83956
